$*********************************************************************
$                                                                    *
$             Relativistic Effective Core Potentials                 *
$                                                                    *
$*********************************************************************
$ ECPCE60                                                            *
$ Hf,Ta,W,Re,Os,Ir,Pt,Au,Hg                                          *
$*********************************************************************
$ Hafnium atom
$ Hf, 60 el. core, 12 valence el., spin-free
$ Ross and Christiansen, JCP 93, 6654 (1990)
$*********************************************************************
A 72
ECP 60 5 0
$Potential	                              
$    n         Exp.          Coef.
$      g           
  6
    2        .777900        -.336886
    2       2.201500       -5.754327
    2       5.795700      -34.381751
    2      14.840700      -89.852893
    2      52.101600     -248.742752
    1     162.343600      -44.912853
$         s-g            
  8
    2       1.082100        -.641588
    2       2.541300       55.416101
    2       3.233200     -176.052539
    2       4.755200      396.818428
    2       7.483200     -353.616192
    2      12.023700      329.381032
    1      35.473900       27.301049
    0      30.758200        6.734417
$         p-g            
  8
    2        .258400        -.030511
    2       1.896500        5.960799
    2       3.198100     -116.546366
    2       4.151200      354.661353
    2       6.229600     -346.444534
    2       9.520000      286.489677
    1      24.881400       42.986194
    0      47.123400        5.407174
$         d-g            
  8
    2        .256300        -.019303
    2       1.747800       41.460351
    2       2.025300     -123.717361
    2       2.686700      228.983250
    2       3.867600     -253.256074
    2       5.618100      217.219791
    1      13.096900       27.251539
    0      18.432500        7.889877
$         f-g            
  8
    2        .752700      -29.214230
    2        .830200       84.133173
    2        .987200     -109.435012
    2       1.172000       63.543056
    2       4.787000       34.683892
    2      12.488900       94.543714
    1      33.075100       33.173001
    0      73.499600         .931626
$*********************************************************************
$ Tantalum atom
$ Ta, 60 el. core, 13 valence el., spin-free
$ Ross and Christiansen, JCP 93, 6654 (1990)
$*********************************************************************
A 73
ECP 60 5 0
$Potential	                            
$    n         Exp.          Coef.
$         g        
  6
    2        .973800        -.450411
    2       2.722100       -7.638368
    2       7.142500      -43.878555
    2      18.332600      -97.775068
    2      63.046600     -287.561480
    1     201.999000      -46.500498
$         s-g            
  8
    2       2.108700      -40.600958
    2       2.468200      126.837880
    2       3.293100     -235.244309
    2       4.879400      445.971680
    2       7.620500     -389.185305
    2      12.020500      355.670259
    1      35.520900       28.519098
    0      30.823600        6.770812
$         p-g            
  8
    2        .573400        -.094732
    2       2.515500       59.863391
    2       3.036700     -192.322983
    2       4.189400      388.455808
    2       6.306600     -359.236783
    2       9.717000      300.741933
    1      25.634000       34.815940
    0      34.214200        5.732178
$         d-g            
  8
    2        .372100        -.031776
    2       1.783800       37.443730
    2       2.095500     -120.925059
    2       2.765900      226.607158
    2       3.957500     -243.619631
    2       5.688200      210.836556
    1      15.659600       53.847147
    0      43.086800        6.982629
$         f-g            
  8
    2        .769300       26.309278
    2        .853500      -63.063193
    2       1.000400       55.486754
    2       1.133900      -12.495886
    2       3.513500       24.298857
    2      10.118500       89.157979
    1      26.514800       32.283455
    0      58.979800        1.079112
$*********************************************************************
$ Tungsten atom
$ W, 60 el. core, 14 valence el., spin-free
$ Ross and Christiansen, JCP 93, 6654 (1990)
$*********************************************************************
A 74
ECP 60 5 0
$Potential	                                
$    n         Exp.          Coef.
$      g           
  6
    2       1.160700        -.547091
    2       3.197300       -9.247404
    2       8.386400      -52.480213
    2      22.003900     -106.440535
    2      73.784100     -320.769269
    1     241.438500      -47.993453
$         s-g            
  8
    2       2.270200      -39.296403
    2       2.636000      124.155211
    2       3.460900     -228.805808
    2       5.088900      432.316547
    2       7.923600     -361.889292
    2      12.650600      357.387043
    1      35.138700       30.991530
    0      32.791600        6.803532
$         p-g            
  8
    2       1.828900      -31.355139
    2       2.164100      103.971120
    2       2.872500     -200.159125
    2       4.199900      372.584694
    2       6.404700     -344.031755
    2       9.775100      300.360080
    1      25.061000       36.691950
    0      34.814000        5.788349
$         d-g            
  8
    2       1.331700      -24.229986
    2       1.551100       75.064426
    2       2.060500     -149.580296
    2       2.919300      267.754260
    2       4.375900     -291.289206
    2       6.549700      253.979572
    1      16.100800       26.815595
    0      20.450800        7.900789
$         f-g            
  8
    2        .878500       37.999538
    2        .959700      -73.818925
    2       1.227500      102.533403
    2       1.335100      -60.673985
    2       3.732000       25.935413
    2      10.769500       93.244569
    1      28.344400       33.224733
    0      66.987500        1.052532
$*********************************************************************
$ Rhenium atom
$ Re, 60 el. core, 15 valence el., spin-free
$ Ross and Christiansen, JCP 93, 6654 (1990)
$*********************************************************************
A 75
ECP 60 5 0
$Potential                                                                       
$    n         Exp.          Coef.
$      g           
  6
    2       1.344200        -.630063
    2       3.636300      -10.514891
    2       9.456500      -58.952091
    2      25.358200     -115.019417
    2      83.407700     -347.158553
    1     276.780700      -49.267783
$         s-g            
  8
    2       2.362100      -44.266723
    2       2.729400      129.196064
    2       3.675400     -242.927585
    2       5.532100      501.745842
    2       8.983400     -445.970476
    2      15.255900      394.006913
    1      50.813300       26.496069
    0      35.465500        6.669765
$         p-g            
  8
    2       2.034700      -40.030345
    2       2.358100      126.643558
    2       3.057100     -228.627158
    2       4.399100      402.922173
    2       6.618500     -364.569102
    2      10.012100      314.119103
    1      25.282200       41.137712
    0      38.699400        5.777649
$         d-g            
  8
    2       1.339800      -19.841508
    2       1.501700       41.829875
    2       2.264500     -115.674752
    2       3.066900      256.138969
    2       4.502200     -264.056475
    2       6.764600      231.046656
    1      15.221600       28.693194
    0      21.538200        7.876353
$         f-g            
  8
    2       1.481400      -69.016502
    2       1.685900      172.233712
    2       2.112300     -173.363403
    2       2.640400       97.755451
    2       9.641300       78.554238
    2      24.781000      126.521916
    1      57.283400       37.845570
    0     142.223300         .796493
$*********************************************************************
$ Osmium atom
$ Os, 60 el. core, 16 valence el., spin-free
$ Ross and Christiansen, JCP 93, 6654 (1990)
$*********************************************************************
A 76
ECP 60 5 0
$Potential	                             
$    n         Exp.          Coef.
$      g           
  6
    2       1.532600        -.719413
    2       4.086200      -11.781179
    2      10.544400      -65.208198
    2      28.974600     -124.698361
    2      93.632000     -372.651010
    1     314.221200      -50.555684
$         s-g            
  8
    2       2.426900      -32.769308
    2       2.844600      110.550120
    2       3.784200     -222.005590
    2       5.724100      473.636705
    2       9.265400     -411.240493
    2      15.674400      389.156373
    1      46.986000       27.666621
    0      38.683200        6.707425
$         p-g            
  8
    2       1.983400      -33.744503
    2       2.317500      107.942668
    2       3.074600     -207.278724
    2       4.546300      396.811924
    2       7.135300     -384.670462
    2      11.636400      398.631893
    1      33.217300       26.761615
    0      28.848400        9.743717
$         d-g            
  8
    2       1.520300      -24.809449
    2       1.753400       79.302610
    2       2.258800     -148.692781
    2       3.169600      251.077700
    2       4.664800     -255.171081
    2       6.848500      224.030258
    1      14.548300       30.838577
    0      22.595400        7.832594
$         f-g            
  8
    2       1.948800       90.393729
    2       2.258900     -196.834972
    2       2.925800      215.510771
    2       4.028100     -153.257818
    2       5.842800      101.812991
    2      18.536500      103.323335
    1      50.939600       29.861174
    0       4.618300         .961811
$*********************************************************************
$ Iridium atom
$ Ir, 60 el. core, 17 valence el., spin-free
$ Ross and Christiansen, JCP 93, 6654 (1990)
$*********************************************************************
A 77
ECP 60 5 0
$Potential	                             
$    n         Exp.          Coef.
$      g           
  6
    2       1.709300        -.776010
    2       4.470600      -12.558315
    2      11.480300      -70.039891
    2      32.143500     -133.595445
    2     102.845200     -394.300592
    1     348.199900      -51.701433
$         s-g            
  8
    2       2.522700      -28.481902
    2       2.950800       98.517822
    2       3.923900     -206.840922
    2       5.921400      457.169474
    2       9.533900     -384.663431
    2      16.086800      389.390174
    1      46.958800       28.707326
    0      39.625300        6.735995
$         p-g            
  8
    2       2.187300      -32.932955
    2       2.546400      108.041386
    2       3.352800     -213.195765
    2       4.924600      419.072997
    2       7.710300     -382.394429
    2      12.325000      340.842742
    1      33.081000       51.536580
    0      63.949400        5.292219
$         d-g            
  8
    2       1.621200      -32.979806
    2       1.848200       92.389089
    2       2.435900     -168.030375
    2       3.488300      302.140793
    2       5.284700     -324.879108
    2       8.073200      295.094670
    1      20.406100       27.308073
    0      23.806500        7.899765
$         f-g            
  8
    2       1.691100      -62.391036
    2       1.981900      210.255102
    2       2.637000     -335.253682
    2       3.819800      374.690416
    2       5.812000     -257.367404
    2       9.100800      215.632560
    1      21.426100       34.771951
    0      35.983100        4.841902
$*********************************************************************
$ Platinum atom
$ Pt, 60 el. core, 18 valence el., spin-free
$ Ross and Christiansen, JCP 93, 6654 (1990)
$*********************************************************************
A 78
ECP 60 5 0
$Potential	                           
$    n         Exp.          Coef.
$      g           
  6
    2       1.864800        -.812542
    2       4.830800      -13.052929
    2      12.304500      -73.720989
    2      34.868200     -141.171455
    2     110.946400     -412.578233
    1     378.444300      -52.724524
$         s-g            
  8
    2       2.609100      -26.624524
    2       3.029200       90.014119
    2       4.042900     -193.863407
    2       6.076300      432.628519
    2       9.838400     -343.037940
    2      16.704100      387.985672
    1      47.623100       29.760948
    0      40.068900        6.778734
$         p-g            
  8
    2       2.312800      -30.374200
    2       2.681700      102.495304
    2       3.501200     -205.280150
    2       5.134900      412.876760
    2       8.005600     -373.507703
    2      12.871300      355.233528
    1      35.536700       34.393812
    0      36.648300        5.901358
$         d-g            
  8
    2       1.383000       -3.027880
    2       2.070500       64.211493
    2       2.490500     -146.103004
    2       3.673700      266.614125
    2       5.485200     -301.470269
    2       8.209900      278.510435
    1      18.571800       29.718523
    0      25.421000        7.868916
$         f-g            
  8
    2       1.867100      -63.389436
    2       2.201800      215.724193
    2       2.952100     -333.958797
    2       4.372400      368.067963
    2       6.784800     -242.793864
    2      11.022800      233.024843
    1      27.735900       43.593550
    0      54.849300        4.532650
$*********************************************************************
$ Gold atom
$ Au, 60 el. core, 19 valence el., spin-free
$ Ross and Christiansen, JCP 93, 6654 (1990)
$*********************************************************************
A 79
ECP 60 5 0
$Potential                                                                       
$    n         Exp.          Coef.
$      g           
  6
    2       2.070700        -.908203
    2       5.287800      -13.972860
    2      13.286100      -78.045937
    2      38.225000     -150.670137
    2     120.829500     -433.793234
    1     415.273300      -53.924618
$         s-g            
  8
    2       2.816200      -45.118439
    2       3.120300      109.247827
    2       4.162400     -184.758650
    2       6.388200      436.133473
    2      10.120000     -356.462799
    2      17.046500      411.842418
    1      50.503300       31.952589
    0      39.282400        6.791678
$         p-g            
  8
    2       2.415700      -30.624157
    2       2.792100      101.119666
    2       3.677000     -210.514472
    2       5.373600      435.373129
    2       8.370000     -396.144495
    2      13.323300      368.873147
    1      37.159800       31.593674
    0      37.422200        5.838805
$         d-g            
  8
    2       1.873900      -34.109121
    2       2.118700      100.587500
    2       2.693600     -172.305668
    2       3.816400      290.822376
    2       5.697400     -292.964286
    2       8.629600      275.677905
    1      19.680200       30.370059
    0      25.986600        7.862033
$         f-g            
  8
    2       1.431500       40.061376
    2       1.654500     -128.386305
    2       2.163000      247.771395
    2       3.087200     -342.548797
    2       4.657400      359.275494
    2       6.904200     -182.274949
    1      10.147800       53.491305
    0      47.025800        4.280362
$*********************************************************************
$ Mercury atom
$ Hg, 60 el. core, 20 valence el., spin-free
$ Ross and Christiansen, JCP 93, 6654 (1990)
$*********************************************************************
A 80
ECP 60 5 0
$Potential	                                
$    n         Exp.          Coef.
$      g           
  6
    2       2.261900        -.945756
    2       5.612000      -14.016169
    2      14.064900      -81.474892
    2      40.926900     -158.272432
    2     129.167900     -451.699333
    1     447.189800      -54.985258
$         s-g            
  8
    2       2.835700      -25.160120
    2       3.299500       91.191325
    2       4.367300     -201.981951
    2       6.544800      454.723305
    2      10.368400     -358.648234
    2      17.265400      429.541681
    1      46.423800       35.777025
    0      41.914100        6.852801
$         p-g            
  8
    2       2.494500      -29.687648
    2       2.887300      101.145418
    2       3.778400     -208.319952
    2       5.539100      427.213635
    2       8.602600     -379.296056
    2      13.725000      371.703600
    1      37.172000       33.641006
    0      38.386900        5.870535
$         d-g            
  8
    2       1.863200      -29.977787
    2       2.152500       93.632888
    2       2.835100     -181.202595
    2       4.113400      337.589915
    2       6.331600     -357.079302
    2      10.026400      342.558191
    1      26.724300       27.917931
    0      28.095700        7.874576
$         f-g            
  8
    2       1.558000       41.199378
    2       1.812500     -132.285709
    2       2.401100      259.853040
    2       3.484600     -360.876636
    2       5.361800      376.673762
    2       8.204100     -186.244192
    1      12.026800       56.038799
    0      55.558000        4.220232
