$*********************************************************************
$                                                                    *
$             Relativistic Effective Core Potentials                 *
$                    Corresponding Basis Sets                        *
$                                                                    *
$*********************************************************************
$ Roentgenium atom
$ ncore=92
$ (12s11p9d3f2g) -> [5s7p5d3f2g]
$ T. Hangele, M. Dolg, M. Hanrath, XY. Cao, P. Schwerdtfeger, J. Chem. Phys. 136 214105 (2012).
$ T. Hangele, M. Dolg, J. Chem. Phys. 138 044104 (2013).
$*********************************************************************
A 111
$ S-TYPE FUNCTIONS
   12    5    0
    48.69196345 -0.0439525  -0.0152588  -0.028232   -0.046254    0.078416
    32.53088118  0.3441304   0.1225024   0.228214    0.370459   -0.356807
    21.63557054 -1.1647646  -0.4226817  -0.792731   -1.278126    0.899083
    14.19347904  1.8760583   0.6877186   1.300068    2.057289   -2.816056
     9.09713001 -0.9285119  -0.3205712  -0.624053   -0.800904    8.697692
     5.63853079 -0.5045262  -0.2472276  -0.377011   -0.924734  -15.939311
     3.34170937 -0.5171482  -0.2217008  -0.850263   -2.373264   13.677890
     1.86956173  0.7888572   0.3993523   1.582195    7.445413   -0.737288
     0.97260992  0.7410815   0.5865753   1.316539   -5.236778   -8.958056
     0.46196104  0.1530091  -0.0178825  -2.275302   -0.753662    9.403804
     0.19571982  0.0008542  -0.5210076  -0.348064    3.029093   -5.375604
     0.07169955  0.0011410  -0.6854500   1.183072   -1.576523    1.690532
$ P-TYPE FUNCTIONS
   11    7    0
    14.70928930  0.116565   -0.007331   -0.034238   -0.004203   -0.05608     0.05481
    -0.13720
    11.13795417 -0.465485    0.042448    0.148361    0.022007    0.22731    -0.49079
     0.29559
     8.37029044  0.508642   -0.085604   -0.211185   -0.053943   -0.35942     1.62745
     0.31094
     6.14735853 -0.108707    0.011467    0.147618    0.088892    0.59660    -2.04459
     0.32299
     4.33973740  0.213853    0.110037   -0.171014   -0.101888   -1.05747     0.51346
    -5.49795
     2.89064454 -0.135606    0.041775    0.127295    0.065217    0.49547    -0.77136
     8.54009
     1.77726522 -0.283760   -0.083394    0.027482   -0.036365    0.31726     3.49351
    -2.53705
     0.98138790 -0.287379   -0.198030    0.131085    0.056529    0.92786    -2.31126
    -3.55253
     0.46925700 -0.076680   -0.119393   -0.053470   -0.010107   -1.07195    -0.79341
     3.97622
     0.18429287 -0.004204   -0.015624   -0.154526    0.016138   -0.58694     1.55716
    -2.08623
     0.05453603 -0.000246    0.000000   -0.461070   -0.181100    0.88262    -0.77672
     0.67513
$ D-TYPE FUNCTIONS
    9    5    0
    12.30098990  0.0024937  -0.0055835   0.012052   -0.021331   -0.038380
     7.71230711 -0.0237094   0.0374046  -0.097838    0.202596    0.415361
     4.80077476  0.0608341  -0.0721917   0.232790   -0.584933   -1.507462
     2.92381636  0.0010277  -0.0439292   0.054218    0.120046    1.654215
     1.71513923 -0.0596759   0.0897273  -0.376904    1.275233    1.176961
     0.95228181 -0.1273188   0.2072714  -0.593987   -0.157883   -2.548503
     0.49029626 -0.1308676   0.2541314   0.036348   -1.117374    0.888208
     0.22825248 -0.0892244   0.1977816   0.597115    0.224445    0.863445
     0.09295515 -0.0243020   0.0807840   0.349982    0.623259   -0.927226
$ F-TYPE FUNCTIONS
    3    3    0
     1.49933975  1.00000000  0.00000000  0.00000000
     1.30726218  0.00000000  1.00000000  0.00000000
     0.40407213  0.00000000  0.00000000  1.00000000
$ G-TYPE FUNCTIONS
    2    2    0
     2.07755661  1.00000000  0.00000000
     0.79359529  0.00000000  1.00000000
$*********************************************************************
$ Copernicium atom
$ ncore=92
$ (12s11p9d3f2g) -> [5s7p5d3f2g]
$ T. Hangele, M. Dolg, M. Hanrath, XY. Cao, P. Schwerdtfeger, J. Chem. Phys. 136 214105 (2012).
$ T. Hangele, M. Dolg, J. Chem. Phys. 138 044104 (2013).
$*********************************************************************
A 112
$ S-TYPE FUNCTIONS
   12    5    0
    51.76981613 -0.0416521  -0.0164030  -0.028762   -0.039822    0.055347
    34.15123223  0.3218376   0.1289712   0.227977    0.320236   -0.231078
    22.43622293 -1.0967871  -0.4470641  -0.796009   -1.121547    0.549238
    14.55758844  1.7931601   0.7428850   1.330286    1.811294   -2.119488
     9.24849033 -0.8648941  -0.3564879  -0.636544   -0.516712    7.785307
     5.70029434 -0.6105724  -0.2850798  -0.475457   -1.385101  -15.533603
     3.37444756 -0.4426132  -0.2535484  -0.868334   -1.832902   14.208303
     1.89708465  0.8313668   0.5221751   1.914790    7.417992   -1.245355
     0.99974243  0.7122165   0.6045632   1.121945   -5.677080   -9.476398
     0.48624547  0.1377498  -0.0164309  -2.410869   -0.640909   10.531855
     0.21411183  0.0018233  -0.6701911  -0.266094    3.332672   -6.200302
     0.08326538  0.0008863  -0.5760125   1.198846   -1.763128    1.940382
$ P-TYPE FUNCTIONS
   11    7    0
    26.16341732  0.017298   -0.001826   -0.001143    0.010453    0.00642    -0.00541
     0.30067
    19.36796154 -0.104502   -0.001416    0.010164   -0.057254   -0.04113     0.01881
    -1.52791
    14.23390705  0.193830    0.018988   -0.008316    0.141810    0.14420     0.03948
     3.31296
    10.23239398 -0.005095   -0.005358   -0.072254   -0.207986   -0.30261    -0.18975
    -4.12208
     7.08216535 -0.231139   -0.170454    0.152622    0.188498    0.19403    -0.36042
     4.98459
     4.63663648 -0.101578    0.340015   -0.038203   -0.117775    0.29847     2.13608
    -9.35787
     2.81237474  0.138173    0.109047    0.000474    0.145617    0.07712    -2.10329
    13.97989
     1.54039624  0.399836   -0.410351   -0.194746   -0.178380   -1.21307    -1.57672
   -11.62663
     0.73660150  0.195563   -0.507866   -0.024256   -0.022227    0.12368     3.41408
     5.92797
     0.29313890  0.018095   -0.125240    0.133681   -0.101063    1.45636    -2.24798
    -2.10823
     0.09000416  0.000432   -0.000974    0.500078    0.553478   -1.02775     0.76575
     0.52779
$ D-TYPE FUNCTIONS
    9    5    0
    12.30843526  0.0029721  -0.0002322   0.012857   -0.023177   -0.038411
     7.78934328 -0.0284485   0.0015562  -0.106068    0.229828    0.467137
     4.89567299  0.0724517  -0.0029561   0.252884   -0.676693   -1.780992
     3.01327942  0.0008477  -0.0018432   0.052357    0.180656    2.148637
     1.78932816 -0.0677889   0.0035576  -0.393918    1.397330    0.935372
     1.00820806 -0.1438157   0.0081611  -0.606772   -0.273757   -2.837846
     0.52872899 -0.1436082   0.0097886   0.053056   -1.196563    1.332898
     0.25205518 -0.0941933   0.0072907   0.616494    0.365277    0.640051
     0.10594885 -0.0240580   0.0027449   0.333792    0.554199   -0.889625
$ F-TYPE FUNCTIONS
    3    3    0
     1.58667770  1.00000000  0.00000000  0.00000000
     1.19249484  0.00000000  1.00000000  0.00000000
     0.40010765  0.00000000  0.00000000  1.00000000
$ G-TYPE FUNCTIONS
    2    2    0
     2.16685282  1.00000000  0.00000000
     0.85102429  0.00000000  1.00000000
$*********************************************************************
$ Ununtrium atom
$ ncore=92
$ (12s11p9d3f2g) -> [6s7p5d3f2g]
$ T. Hangele, M. Dolg, M. Hanrath, XY. Cao, P. Schwerdtfeger, J. Chem. Phys. 136 214105 (2012).
$ T. Hangele, M. Dolg, J. Chem. Phys. 138 044104 (2013).
$*********************************************************************
A 113
$ S-TYPE FUNCTIONS
   12    6    0
    51.64511726  0.0427702  -0.0182575  -0.029847   -0.037437    0.060953   -0.056236
    34.33899972 -0.3404447   0.1475996   0.243290    0.315759   -0.251331    0.480978
    22.73758133  1.1806420  -0.5206001  -0.864511   -1.134442    0.571853   -1.498846
    14.86792502 -1.9549106   0.8796129   1.470615    1.850772   -2.177533    0.293145
     9.51738021  0.9997559  -0.4625569  -0.781576   -0.546912    8.060507   11.265119
     5.90895183  0.5619689  -0.2587873  -0.359181   -1.328417  -16.003278  -35.177029
     3.52223336  0.4809178  -0.3212647  -1.039106   -1.985205   14.326773   53.570729
     1.99289374 -0.8581147   0.6085255   2.122551    7.511371   -0.710124  -49.780531
     1.05626998 -0.7125221   0.6365211   1.002995   -5.548700  -10.190972   32.256537
     0.51622757 -0.1388513  -0.0082001  -2.413383   -0.878628   10.928493  -15.879334
     0.22813651  0.0001296  -0.8363853  -0.228417    3.505967   -6.288822    6.011594
     0.08888832 -0.0009808  -0.4444721   1.206339   -1.833782    1.937249   -1.445149
$ P-TYPE FUNCTIONS
   11    7    0
    19.41880829 -0.029164    0.003054    0.009009    0.000187    0.00816    -0.01513
    -0.02029
    12.08160369  0.178144   -0.027954   -0.057354   -0.001862   -0.03530     0.05829
     0.06472
     7.45671586 -0.298532    0.167730    0.101742    0.012643   -0.05645     0.15204
     0.44702
     4.49120820 -0.089219   -0.370684    0.025617   -0.030636    0.44232    -1.04415
    -2.70010
     2.59359932  0.228250   -0.009246   -0.088986    0.002707   -0.22698     1.04525
     4.61468
     1.40763833  0.374055    0.446256   -0.163156    0.039631   -0.81302     1.27548
    -2.00780
     0.70108726  0.141065    0.408304   -0.025552    0.041428   -0.00243    -1.87065
    -1.67818
     0.31090060  0.013320    0.093725    0.181274   -0.011228    1.14106     0.01654
     2.67210
     0.11780726  0.000413    0.001911    0.331947   -0.080219   -0.08590     1.19092
    -1.72503
     0.03586786  0.000009    0.000387    0.182863   -0.174241   -0.69582    -0.84310
     0.55506
     0.00789357 -0.000002   -0.000090    0.003665   -0.203249   -0.02273    -0.12244
     0.24382
$ D-TYPE FUNCTIONS
    9    5    0
    12.23797386  0.0026301  -0.0022364   0.014763   -0.022012   -0.045380
     7.90356111 -0.0243746   0.0144509  -0.114927    0.212654    0.483003
     5.06953654  0.0589515  -0.0252536   0.256551   -0.574341   -1.649194
     3.18483162  0.0024750  -0.0188867   0.058922    0.020245    1.577761
     1.93076490 -0.0487863   0.0281257  -0.340140    1.262183    1.488620
     1.11105737 -0.1100329   0.0687058  -0.630342    0.028245   -2.390408
     0.59537600 -0.1126018   0.0848536   0.021589   -1.077309    0.125715
     0.29023546 -0.0707956   0.0606116   0.572854   -0.103924    1.510418
     0.12488956 -0.0147401   0.0174162   0.417770    0.833832   -1.096986
$ F-TYPE FUNCTIONS
    3    3    0
     1.648981    1.00000000  0.00000000  0.00000000
     1.308169    0.00000000  1.00000000  0.00000000
     0.449527    0.00000000  0.00000000  1.00000000
$ G-TYPE FUNCTIONS
    2    2    0
     2.253250    1.00000000  0.00000000
     0.889987    0.00000000  1.00000000
$*********************************************************************
$ Flerovium atom
$ ncore=92
$ (12s11p9d3f2g) -> [6s7p5d3f2g]
$ T. Hangele, M. Dolg, M. Hanrath, XY. Cao, P. Schwerdtfeger, J. Chem. Phys. 136 214105 (2012).
$ T. Hangele, M. Dolg, J. Chem. Phys. 138 044104 (2013).
$*********************************************************************
A 114
$ S-TYPE FUNCTIONS
   12    6    0
    53.67528803  0.0413515   0.0181809  -0.027387    0.018755    0.035597    0.140115
    35.52707950 -0.3306758  -0.1483499   0.187947   -0.193587   -0.329403   -0.695901
    23.41745642  1.1602730   0.5308989  -0.616462    0.762953    1.222961    1.949128
    15.24262452 -1.9528826  -0.9118097   1.152058   -1.227690   -1.782590   -6.130511
     9.71234498  1.0152948   0.4791476  -1.227513   -0.023840   -0.924836   19.536252
     6.00191557  0.6167665   0.3193756   1.014216    1.900427    5.306768  -42.569835
     3.56070852  0.4174967   0.2866362  -1.553719    0.020838   -1.621646   57.547271
     2.00491450 -0.9243321  -0.6849385   1.931114   -2.531995  -10.329870  -49.823606
     1.05735214 -0.6719325  -0.6813060  -1.214242   -1.369914   16.316303   30.063907
     0.51408885 -0.1083975   0.1603031   1.901553    5.928391  -12.232120  -13.548271
     0.22596143  0.0011441   0.8988540  -3.553922   -4.725504    5.462987    4.600196
     0.08753322 -0.0006682   0.3167230   2.438783    1.407499   -1.302932   -0.980194
$ P-TYPE FUNCTIONS
   11    7    0
    19.72621910  0.030201   -0.002902    0.010843    0.000876    0.00671     0.02689
    -0.05387
    12.32876266 -0.186028    0.021976   -0.069950   -0.006915   -0.02787    -0.10729
     0.23568
     7.65523747  0.313164   -0.116997    0.125350    0.041471   -0.10417    -0.18946
     0.02917
     4.65988899  0.085795    0.240685    0.027674   -0.094559    0.58738     1.58058
    -2.17209
     2.74176578 -0.215241    0.023797   -0.099046    0.002656   -0.34010    -1.83441
     4.49610
     1.53510139 -0.370175   -0.269252   -0.190509    0.113663   -0.78935    -1.48473
    -2.46967
     0.80328360 -0.153788   -0.271809   -0.046029    0.130234   -0.30278     3.03400
    -1.55305
     0.38438886 -0.019348   -0.077817    0.180535   -0.008324    1.46654    -0.90745
     3.30976
     0.16360721 -0.000370   -0.003477    0.332704   -0.204134   -0.05963    -1.00201
    -2.46392
     0.05965111 -0.000156   -0.000322    0.178321   -0.373062   -0.70676     0.84397
     0.70609
     0.01762287  0.000035    0.000065    0.008132   -0.276428   -0.00926     0.00030
     0.41885
$ D-TYPE FUNCTIONS
    9    5    0
    12.12489007  0.0045783  -0.0046765   0.016937   -0.023667   -0.041877
     7.97530498 -0.0394734   0.0292175  -0.127985    0.221565    0.483428
     5.20870138  0.0887614  -0.0473390   0.273923   -0.564931   -1.601260
     3.32901474  0.0081107  -0.0398667   0.056015   -0.015269    1.287044
     2.05010350 -0.0664496   0.0492390  -0.313824    1.149184    1.859345
     1.19564791 -0.1593981   0.1267861  -0.639799    0.225086   -2.331717
     0.64717943 -0.1654824   0.1595463   0.006895   -1.061255   -0.252161
     0.31713500 -0.0963311   0.1053718   0.570145   -0.265011    1.732990
     0.13619515 -0.0165542   0.0248435   0.444081    0.922680   -1.110542
$ F-TYPE FUNCTIONS
    3    3    0
     1.65158083  1.00000000  0.00000000  0.00000000
     1.29643395  0.00000000  1.00000000  0.00000000
     0.46498604  0.00000000  0.00000000  1.00000000
$ G-TYPE FUNCTIONS
    2    2    0
     2.26023906  1.00000000  0.00000000
     0.87316409  0.00000000  1.00000000
$*********************************************************************
$ Ununpentium atom
$ ncore=92
$ (12s11p9d3f2g) -> [6s7p5d3f2g]
$ T. Hangele, M. Dolg, M. Hanrath, XY. Cao, P. Schwerdtfeger, J. Chem. Phys. 136 214105 (2012).
$ T. Hangele, M. Dolg, J. Chem. Phys. 138 044104 (2013).
$*********************************************************************
A 115
$ S-TYPE FUNCTIONS
   12    6    0
    55.85339127  0.0407187   0.0182626  -0.025739    0.017418    0.040833    0.168480
    36.98057057 -0.3271210  -0.1503184   0.177829   -0.184823   -0.358663   -0.865908
    24.38374891  1.1545091   0.5424653  -0.586944    0.740046    1.315047    2.445502
    15.87781431 -1.9529141  -0.9368782   1.096511   -1.202212   -2.017216   -7.060124
    10.12198950  1.0122916   0.4862315  -1.143871   -0.033667   -0.433555   20.804392
     6.25896250  0.6441586   0.3557090   0.900599    1.922799    4.538163  -43.935300
     3.71622704  0.3991375   0.2760886  -1.426689   -0.035934   -0.749736   58.710441
     2.09471951 -0.9404632  -0.7141509   1.807898   -2.524707  -11.088963  -50.550221
     1.10627019 -0.6671684  -0.7363969  -1.044350   -1.306206   16.873153   30.370037
     0.53887506 -0.0989289   0.2553137   1.651789    5.948514  -12.582334  -13.632274
     0.23744336  0.0014335   0.9077585  -3.365748   -4.846530    5.638933    4.618140
     0.09228887 -0.0004746   0.2680918   2.410916    1.474735   -1.354714   -0.984026
$ P-TYPE FUNCTIONS
   11    7    0
    20.43591100  0.029803    0.001180    0.011729    0.000823    0.00666    -0.02724
    -0.06157
    12.75526023 -0.187351   -0.007736   -0.077624   -0.005432   -0.02848     0.11299
     0.27354
     7.91636710  0.322757    0.037542    0.143091    0.029314   -0.11090     0.16520
     0.07567
     4.82949513  0.080077   -0.073911    0.026976   -0.064497    0.63306    -1.54605
    -2.87846
     2.86121697 -0.218053   -0.010908   -0.111537    0.000153   -0.38518     1.77973
     6.21201
     1.62454445 -0.367453    0.082407   -0.211495    0.076488   -0.82904     1.60975
    -4.13625
     0.87086664 -0.152694    0.083514   -0.050867    0.088581   -0.27264    -3.06392
    -0.99066
     0.43308913 -0.020946    0.025502    0.194423   -0.002541    1.41673     0.60928
     3.57604
     0.19554015 -0.000280    0.001416    0.333752   -0.127484    0.09777     1.41250
    -2.75537
     0.07795137 -0.000256    0.000125    0.165124   -0.208784   -0.81285    -1.01269
     0.77094
     0.02640561  0.000056   -0.000021    0.008141   -0.124276   -0.03242    -0.01310
     0.35525
$ D-TYPE FUNCTIONS
    9    5    0
    12.19173101 -0.0026822  -0.0069065   0.016849   -0.025896   -0.044649
     8.15926514  0.0234119   0.0418880  -0.123885    0.234357    0.518596
     5.42059410 -0.0515281  -0.0629870   0.254138   -0.565387   -1.657960
     3.52152036 -0.0056914  -0.0599864   0.049528   -0.052097    1.191101
     2.20154272  0.0358827   0.0608141  -0.233790    1.057720    2.038671
     1.30086008  0.0907906   0.1692839  -0.602964    0.448574   -2.201678
     0.71132083  0.0962314   0.2196368  -0.091471   -1.051404   -0.595150
     0.35063529  0.0535187   0.1382051   0.543416   -0.433518    1.913130
     0.15051647  0.0083007   0.0295069   0.530737    0.956869   -1.113131
$ F-TYPE FUNCTIONS
    3    3    0
     1.78984755  1.00000000  0.00000000  0.00000000
     1.39037035  0.00000000  1.00000000  0.00000000
     0.50040319  0.00000000  0.00000000  1.00000000
$ G-TYPE FUNCTIONS
    2    2    0
     2.39507067  1.00000000  0.00000000
     0.94386462  0.00000000  1.00000000
$*********************************************************************
$ Livermorium atom
$ ncore=92
$ (12s11p9d3f2g) -> [6s7p5d3f2g]
$ T. Hangele, M. Dolg, M. Hanrath, XY. Cao, P. Schwerdtfeger, J. Chem. Phys. 136 214105 (2012).
$ T. Hangele, M. Dolg, J. Chem. Phys. 138 044104 (2013).
$*********************************************************************
A 116
$ S-TYPE FUNCTIONS
   12    6    0
    56.89616096 -0.0431860  -0.0198007  -0.028746    0.014287    0.066148    0.271501
    37.98463719  0.3471827   0.1634504   0.198582   -0.171198   -0.518110   -1.488108
    25.25392035 -1.2149935  -0.5857582  -0.651333    0.704062    1.797655    4.353429
    16.58027130  2.0215951   0.9960715   1.205878   -1.093203   -2.934673  -11.151921
    10.65620440 -1.0161578  -0.5015485  -1.255029   -0.278478    0.918164   27.608159
     6.64232985 -0.6448834  -0.3647086   1.003423    2.199099    2.530279  -52.500951
     3.97490509 -0.4464692  -0.3122725  -1.546191   -0.228284    2.123139   66.353049
     2.25764819  0.9200780   0.7082183   1.878798   -2.192972  -14.132385  -55.152156
     1.20105751  0.7041099   0.8126372  -1.024166   -1.893143   18.986043   32.176262
     0.58909367  0.1070566  -0.2733076   1.626145    6.488095  -13.527626  -14.051395
     0.26122056 -0.0017180  -0.9225249  -3.372414   -5.130439    5.914512    4.648433
     0.10209575  0.0003855  -0.2626350   2.424128    1.554602   -1.403178   -0.974386
$ P-TYPE FUNCTIONS
   11    7    0
    20.76635508 -0.031462   -0.008962    0.013352   -0.002933    0.00553     0.01824
    -0.04004
    13.11425040  0.196481    0.052282   -0.088138    0.016932   -0.02189    -0.07227
     0.16592
     8.23841741 -0.332411   -0.219485    0.160531   -0.077173   -0.12961    -0.18608
     0.14227
     5.09357365 -0.081397    0.382060    0.027879    0.151360    0.63701     1.25478
    -1.92329
     3.06488787  0.200182    0.115607   -0.110321    0.016965   -0.34305    -1.12536
     3.00538
     1.77316214  0.370986   -0.429144   -0.233241   -0.175658   -0.78978    -1.69725
     0.24471
     0.97301018  0.164409   -0.467642   -0.067487   -0.219252   -0.36987     1.98940
    -3.61200
     0.49849599  0.025485   -0.161105    0.196677   -0.013714    1.24700     0.77438
     3.08284
     0.23393539  0.000264   -0.010905    0.339400    0.278459    0.42817    -1.91151
    -0.48358
     0.09816387  0.000372   -0.000950    0.164520    0.446470   -0.88808     0.59209
    -1.26350
     0.03566637 -0.000079    0.000146    0.008809    0.238817   -0.14096     0.48315
     1.19468
$ D-TYPE FUNCTIONS
    9    5    0
    12.42727648  0.0055295  -0.0082745   0.016513   -0.026107   -0.050038
     8.41673500 -0.0470685   0.0495895  -0.117769    0.229470    0.546436
     5.65810874  0.0999418  -0.0711516   0.234190   -0.527118   -1.656270
     3.71818629  0.0137829  -0.0744584   0.040163   -0.083996    1.024584
     2.34979235 -0.0649750   0.0666580  -0.176876    0.906952    2.161603
     1.40220199 -0.1735593   0.1951476  -0.544051    0.632988   -1.884907
     0.77321348 -0.1858814   0.2559141  -0.152255   -0.904432   -1.089211
     0.38355528 -0.0992590   0.1536553   0.458673   -0.714398    2.132748
     0.16516311 -0.0143178   0.0308093   0.641380    1.026221   -1.099888
$ F-TYPE FUNCTIONS
    3    3    0
     1.85062162  1.00000000  0.00000000  0.00000000
     1.23278868  0.00000000  1.00000000  0.00000000
     0.43594430  0.00000000  0.00000000  1.00000000
$ G-TYPE FUNCTIONS
    2    2    0
     2.48658099  1.00000000  0.00000000
     0.94995483  0.00000000  1.00000000
$*********************************************************************
$ Ununseptium atom
$ ncore=92
$ (12s11p9d3f2g) -> [6s7p5d3f2g]
$ T. Hangele, M. Dolg, M. Hanrath, XY. Cao, P. Schwerdtfeger, J. Chem. Phys. 136 214105 (2012).
$ T. Hangele, M. Dolg, J. Chem. Phys. 138 044104 (2013).
$*********************************************************************
A 117
$ S-TYPE FUNCTIONS
   12    6    0
    58.25905678 -0.0443918  -0.0207476  -0.031528    0.007451    0.098738    0.365582
    39.09231415  0.3582233   0.1722763   0.217592   -0.132909   -0.719631   -2.058617
    26.12325849 -1.2518303  -0.6174702  -0.711806    0.594048    2.411310    6.088571
    17.24021313  2.0688106   1.0443737   1.315973   -0.858414   -4.160655  -14.777113
    11.13961854 -1.0221142  -0.5184870  -1.380388   -0.676318    2.813961   33.449754
     6.98232126 -0.6525236  -0.3754067   1.127548    2.688425   -0.093155  -59.748180
     4.20289635 -0.4725623  -0.3384737  -1.695556   -0.716842    5.380945   72.888776
     2.40212858  0.9121984   0.7160749   2.007197   -1.610809  -17.306405  -59.226627
     1.28663425  0.7261609   0.8710629  -1.073103   -2.603634   21.176894   33.879102
     0.63582624  0.1109262  -0.2988928   1.659261    7.104198  -14.559351  -14.500362
     0.28434616 -0.0019736  -0.9305261  -3.428587   -5.469476    6.239133    4.704421
     0.11223450  0.0002783  -0.2572880   2.456136    1.649687   -1.461562   -0.970363
$ P-TYPE FUNCTIONS
   11    7    0
    21.00481021  0.034394    0.008559   -0.015561    0.001554    0.00376     0.01770
    -0.04163
    13.49152088 -0.209525   -0.045396    0.100484   -0.008109   -0.01130    -0.06519
     0.16128
     8.62167159  0.339703    0.164438   -0.176544    0.031318   -0.15898    -0.23079
     0.24142
     5.42523943  0.088551   -0.243067   -0.030903   -0.052957    0.63991     1.27958
    -2.19022
     3.32536476 -0.173109   -0.131300    0.100544   -0.014708   -0.27657    -0.87281
     3.10922
     1.96231652 -0.374975    0.278515    0.252924    0.059997   -0.73870    -2.04453
     0.65420
     1.10035487 -0.183241    0.341804    0.091669    0.083889   -0.50278     1.75297
    -4.12952
     0.57752664 -0.032335    0.135500   -0.188925    0.014169    1.06764     1.42527
     3.12757
     0.27862305 -0.000449    0.011413   -0.348650   -0.092565    0.75932    -2.24320
    -0.09674
     0.12078416 -0.000470    0.000858   -0.171500   -0.152595   -0.95765     0.55613
    -1.63922
     0.04566133  0.000094   -0.000110   -0.009956   -0.077965   -0.21374     0.50318
     1.29574
$ D-TYPE FUNCTIONS
    9    5    0
    12.49505756  0.0027393  -0.0078085   0.016921   -0.021635   -0.060947
     8.55883904 -0.0230487   0.0464841  -0.115559    0.204428    0.604072
     5.81859151  0.0476176  -0.0642470   0.227658   -0.454638   -1.756743
     3.86588924  0.0075326  -0.0712992   0.005871   -0.151167    1.120822
     2.46908214 -0.0290218   0.0579645  -0.107592    0.828020    1.838218
     1.48806108 -0.0816661   0.1769701  -0.486206    0.663272   -1.103977
     0.82793340 -0.0872299   0.2311196  -0.167737   -0.586037   -1.865990
     0.41380333 -0.0447869   0.1329374   0.303634   -1.086002    2.444086
     0.17914946 -0.0060688   0.0253772   0.784007    1.098154   -1.097688
$ F-TYPE FUNCTIONS
    3    3    0
     1.91440054  1.00000000  0.00000000  0.00000000
     1.24025679  0.00000000  1.00000000  0.00000000
     0.43074504  0.00000000  0.00000000  1.00000000
$ G-TYPE FUNCTIONS
    2    2    0
     2.50676656  1.00000000  0.00000000
     0.94711632  0.00000000  1.00000000
$*********************************************************************
$ Ununoctium atom
$ ncore=92
$ (12s11p9d3f2g) -> [6s7p5d3f2g]
$ T. Hangele, M. Dolg, M. Hanrath, XY. Cao, P. Schwerdtfeger, J. Chem. Phys. 136 214105 (2012).
$ T. Hangele, M. Dolg, J. Chem. Phys. 138 044104 (2013).
$*********************************************************************
A 118
$ S-TYPE FUNCTIONS
   12    6    0
    60.11204689  0.0442605   0.0210989  -0.032952   -0.000012    0.120898    0.408440
    40.41455481 -0.3592840  -0.1765106   0.227466   -0.088418   -0.855702   -2.316997
    27.06095920  1.2611371   0.6363458  -0.745178    0.464644    2.831199    6.864421
    17.89749068 -2.0887163  -1.0805243   1.382387   -0.606620   -5.030227  -16.384782
    11.59215673  1.0311628   0.5396277  -1.462366   -1.060204    4.193070   36.111372
     7.28620423  0.6557699   0.3806768   1.210483    3.180272   -1.946287  -63.309432
     4.40030611  0.4861301   0.3628487  -1.801988   -1.272911    7.570966   76.463562
     2.52501932 -0.9175205  -0.7454230   2.115697   -1.011353  -19.430606  -61.751504
     1.35912056 -0.7359017  -0.9120498  -1.118366   -3.213242   22.714030   35.104295
     0.67578600 -0.1086547   0.3429316   1.666248    7.626844  -15.342015  -14.900969
     0.30458537  0.0021317   0.9309165  -3.457163   -5.786164    6.507556    4.785230
     0.12144754 -0.0001349   0.2456737   2.483628    1.745351   -1.512641   -0.976437
$ P-TYPE FUNCTIONS
   11    7    0
    21.47962925  0.036294    0.009747   -0.017330    0.001543   -0.00191    -0.01591
    -0.04401
    13.96964375 -0.216855   -0.047195    0.110102   -0.007345    0.00146     0.05104
     0.15580
     9.04042084  0.339261    0.150646   -0.188134    0.024757    0.18278     0.30246
     0.39903
     5.76316876  0.098107   -0.189147   -0.034786   -0.036479   -0.63808    -1.38999
    -2.75743
     3.58118340 -0.153708   -0.157705    0.092411   -0.016703    0.21242     0.77539
     3.83696
     2.14460860 -0.375644    0.230120    0.269405    0.041662    0.72953     2.31380
     0.55030
     1.22216746 -0.198905    0.313819    0.112623    0.064058    0.56842    -1.63592
    -4.75104
     0.65320486 -0.037702    0.137503   -0.185494    0.015563   -0.91422    -1.91324
     3.81099
     0.32177557 -0.000828    0.013621   -0.356379   -0.063467   -1.00126     2.59133
    -0.40338
     0.14297057 -0.000488    0.000911   -0.175361   -0.107040    1.00621    -0.66536
    -1.59331
     0.05569930  0.000090   -0.000092   -0.010492   -0.052852    0.26065    -0.44517
     1.27364
$ D-TYPE FUNCTIONS
    9    5    0
    13.00183465 -0.0032578   0.0022067   0.014638    0.020681   -0.057248
     8.92392285  0.0291254  -0.0138192  -0.104199   -0.203084    0.583911
     6.07936338 -0.0618985   0.0201642   0.210881    0.470212   -1.729513
     4.04823171 -0.0100575   0.0206348   0.005446    0.102692    1.151295
     2.59216582  0.0398300  -0.0180640  -0.111289   -0.775928    1.729086
     1.56699797  0.1097536  -0.0552263  -0.436820   -0.714830   -0.953401
     0.87512886  0.1151175  -0.0705240  -0.200464    0.614989   -2.019862
     0.43949483  0.0560609  -0.0384968   0.301994    1.093267    2.546408
     0.19149062  0.0070945  -0.0069856   0.801366   -1.090171   -1.132884
$ F-TYPE FUNCTIONS
    3    3    0
     1.99602960  1.00000000  0.00000000  0.00000000
     1.26344173  0.00000000  1.00000000  0.00000000
     0.43283756  0.00000000  0.00000000  1.00000000
$ G-TYPE FUNCTIONS
    2    2    0
     2.55433421  1.00000000  0.00000000
     0.92768050  0.00000000  1.00000000
$*********************************************************************
