$*********************************************************************
$                                                                    *
$             Relativistic Effective Core Potentials                 *
$                                                                    *
$*********************************************************************
$ Roentgenium atom
$ ncore=92
$ T. Hangele, M. Dolg, M. Hanrath, XY. Cao, P. Schwerdtfeger, J. Chem. Phys. 136 214105 (2012).
$ T. Hangele, M. Dolg, J. Chem. Phys. 138 044104 (2013).
$*********************************************************************
A 111
ECP 92 6 4
1
  2   1.00000000000000    0.00000000000000
2
  2  14.94772310996320 1798.75445943373006
  2   1.24303876450942   -0.09007412467369
4
  2   9.92408408245216  144.98457914095232
  2   5.24555305971954   98.14099597647333
  2   1.76656823377757   -0.42853858590190
  2   1.43241514189208   -0.46543802504069
4
  2   5.87141224374756   94.40210079218600
  2   5.30457529183934  125.16033627640199
  2   1.06794961835976    0.17621264097449
  2   1.43204040431041    0.58854797650049
4
  2   3.64571642300000   92.18198373244286
  2   3.61395918360000  133.22525610217141
  2   1.03222867900000    0.37640786335714
  2   0.97748589780000    0.53922338942857
4
  2   6.87263158772346  -35.65717049018240
  2   6.84221488085652  -43.62473833503089
  2   1.63758742912784   -1.29414087433004
  2   1.64759096741100   -1.70761418929248
4
  2   9.92408408245216 -289.96915828190464
  2   5.24555305971954   98.14099597647333
  2   1.76656823377757    0.85707717180380
  2   1.43241514189208   -0.46543802504069
4
  2   5.87141224374756  -94.40210079218600
  2   5.30457529183934   83.44022418426800
  2   1.06794961835976   -0.17621264097449
  2   1.43204040431041    0.39236531766699
4
  2   3.64571642300000  -61.45465582162858
  2   3.61395918360000   66.61262805108571
  2   1.03222867900000   -0.25093857557143
  2   0.97748589780000    0.26961169471429
4
  2   6.87263158772346   17.82858524509120
  2   6.84221488085652  -17.44989533401236
  2   1.63758742912784    0.64707043716502
  2   1.64759096741100   -0.68304567571699
$*********************************************************************
$ Copernicium atom
$ ncore=92
$ T. Hangele, M. Dolg, M. Hanrath, XY. Cao, P. Schwerdtfeger, J. Chem. Phys. 136 214105 (2012).
$ T. Hangele, M. Dolg, J. Chem. Phys. 138 044104 (2013).
$*********************************************************************
A 112
ECP 92 6 4
1 
  2  1.00000000000000     0.00000000000000
2 
  2  15.50774035773960 1762.94897531688002
  2   1.23339868871433    0.32167467575667
4 
  2  10.23700802309720  145.22603039579232
  2   5.28426575090754   98.34992471863200
  2   2.02765302155596   -0.37606960679993
  2   1.55850943213980   -0.55750674301792
4 
  2   5.91682548149208   90.61072932839720
  2   5.32009117306775  121.13526809776140
  2   1.05240788507405    0.19515779513961
  2   1.56487207405012    0.62566695700990
4 
  2   4.07904797780000   92.18083680278572
  2   4.04604487640000  133.22389651108571
  2   0.93725877480000    0.34125313255714
  2   0.89428461980000    0.48821842085714
4 
  2   8.04664034265199  -40.51497990119822
  2   8.02820473114971  -49.64278193716822
  2   1.84032038423972   -1.71277479119139
  2   1.85596810825838   -2.25362306458170
4 
  2  10.23700802309720 -290.45206079158464
  2   5.28426575090754   98.34992471863200
  2   2.02765302155596    0.75213921359986
  2   1.55850943213980   -0.55750674301792
4 
  2   5.91682548149208  -90.61072932839720
  2   5.32009117306775   80.75684539850759
  2   1.05240788507405   -0.19515779513961
  2   1.56487207405012    0.41711130467327
4 
  2   4.07904797780000  -61.45389120185714
  2   4.04604487640000   66.61194825554286
  2   0.93725877480000   -0.22750208837143
  2   0.89428461980000    0.24410921042857
4 
  2   8.04664034265199   20.25748995059911
  2   8.02820473114971  -19.85711277486729
  2   1.84032038423972    0.85638739559570
  2   1.85596810825838   -0.90144922583268
$*********************************************************************
$ Ununtrium atom
$ ncore=92
$ T. Hangele, M. Dolg, M. Hanrath, XY. Cao, P. Schwerdtfeger, J. Chem. Phys. 136 214105 (2012).
$ T. Hangele, M. Dolg, J. Chem. Phys. 138 044104 (2013).
$*********************************************************************
A 113
ECP 92 6 4
1 
  2   1.00000000000000    0.00000000000000
2 
  2  15.50774035773960 1762.94897531688002
  2   1.23339868871433    0.32167467575667
4 
  2  10.23700802309720  145.22603039579232
  2   5.28426575090754   98.34992471863200
  2   2.02765302155596   -0.37606960679993
  2   1.55850943213980   -0.55750674301792
4 
  2   5.91682548149208   90.61072932839720
  2   5.32009117306775  121.13526809776140
  2   1.05240788507405    0.19515779513961
  2   1.56487207405012    0.62566695700990
4 
  2   4.07904797780000   92.18083680278572
  2   4.04604487640000  133.22389651108571
  2   0.93725877480000    0.34125313255714
  2   0.89428461980000    0.48821842085714
4 
  2   8.04664034265199  -40.51497990119822
  2   8.02820473114971  -49.64278193716822
  2   1.84032038423972   -1.71277479119139
  2   1.85596810825838   -2.25362306458170
4 
  2  10.23700802309720 -290.45206079158464
  2   5.28426575090754   98.34992471863200
  2   2.02765302155596    0.75213921359986
  2   1.55850943213980   -0.55750674301792
4 
  2   5.91682548149208  -90.61072932839720
  2   5.32009117306775   80.75684539850759
  2   1.05240788507405   -0.19515779513961
  2   1.56487207405012    0.41711130467327
4 
  2   4.07904797780000  -61.45389120185714
  2   4.04604487640000   66.61194825554286
  2   0.93725877480000   -0.22750208837143
  2   0.89428461980000    0.24410921042857
4 
  2   8.04664034265199   20.25748995059911
  2   8.02820473114971  -19.85711277486729
  2   1.84032038423972    0.85638739559570
  2   1.85596810825838   -0.90144922583268
$*********************************************************************
$ Flerovium atom
$ ncore=92
$ T. Hangele, M. Dolg, M. Hanrath, XY. Cao, P. Schwerdtfeger, J. Chem. Phys. 136 214105 (2012).
$ T. Hangele, M. Dolg, J. Chem. Phys. 138 044104 (2013).
$*********************************************************************
A 114
ECP 92 6 4
1 
  2   1.00000000000000    0.00000000000000
3 
  2  15.85365756107400 1758.99711099122010
  2   1.38166454757535    0.59780448608012
  2   0.18926639476865    0.01044982905820
6 
  2  10.37497119762640  141.27134056408332
  2   5.27687352452095  101.12637715504466
  2   2.39195292229005   -0.31898763930373
  2   1.34042791711515   -0.69790186171203
  2   0.07308035929005    0.00158864699873
  2   0.14101998092997   -0.00656175188791
6 
  2   5.94354566876918   88.38080515952480
  2   5.34020395233784  123.62733758673480
  2   1.00586335191836    0.20885683062113
  2   1.75957344132089    0.63172636421009
  2   1.12160392202707   -0.00296841772160
  2   0.09569103764413   -0.00494664982196
4 
  2   4.29571375520000   92.18026333795714
  2   4.26208772280000  133.22321671554286
  2   0.88977382270000    0.32367576715714
  2   0.85268398080000    0.46271593657143
4 
  2   8.70107326130252  -43.05873554870058
  2   8.68902704054682  -52.79978348530850
  2   1.95630764695003   -1.97725714161754
  2   1.97209423654922   -2.59084260672698
6 
  2  10.37497119762640 -282.54268112816663
  2   5.27687352452095  101.12637715504466
  2   2.39195292229005    0.63797527860747
  2   1.34042791711515   -0.69790186171203
  2   0.07308035929005   -0.00317729399746
  2   0.14101998092997   -0.00656175188791
6 
  2   5.94354566876918  -88.38080515952480
  2   5.34020395233784   82.41822505782321
  2   1.00586335191836   -0.20885683062113
  2   1.75957344132089    0.42115090947339
  2   1.12160392202707    0.00296841772160
  2   0.09569103764413   -0.00329776654797
4 
  2   4.29571375520000  -61.45350889197142
  2   4.26208772280000   66.61160835777143
  2   0.88977382270000   -0.21578384477143
  2   0.85268398080000    0.23135796828571
4 
  2   8.70107326130252   21.52936777435029
  2   8.68902704054682  -21.11991339412340
  2   1.95630764695003    0.98862857080877
  2   1.97209423654922   -1.03633704269079
$*********************************************************************
$ Ununpentium atom
$ ncore=92
$ T. Hangele, M. Dolg, M. Hanrath, XY. Cao, P. Schwerdtfeger, J. Chem. Phys. 136 214105 (2012).
$ T. Hangele, M. Dolg, J. Chem. Phys. 138 044104 (2013).
$*********************************************************************
A 115
ECP 92 6 4
1
  2   1.00000000000000    0.00000000000000
3
  2  16.70771208620320 1730.24589168396005
  2   1.46368276201209    1.34731078099490
  2   0.29499195056301    0.04139184390051
6
  2  10.70369357237660  142.21506361148934
  2   5.33967433214261  101.17878939137067
  2   2.96801559980355   -0.31770789790413
  2   1.50579221081551   -0.91328872821793
  2   0.10189771260025    0.00118198177864
  2   0.15489863514118   -0.00900390475160
6
  2   6.11398182177092   86.29876130185160
  2   5.53334430198842  120.90999657810121
  2   1.17037900542092    0.31180422409072
  2   1.64119132438571    0.71624344560929
  2   1.10534707166649    0.00083561215669
  2   0.80657487909686    0.01510639185048
4
  2   4.51237953260000   92.17968987312858
  2   4.47813056920000  133.22253692000001
  2   0.84228887060000    0.30609840175714
  2   0.81108334180000    0.43721345228571
4
  2   9.38111293636891  -45.70195129310444
  2   9.36760081872294  -56.06122915833333
  2   1.92659153017653   -2.10716196180080
  2   1.95243789825634   -2.75283257143910
6
  2  10.70369357237660 -284.43012722297868
  2   5.33967433214261  101.17878939137067
  2   2.96801559980355    0.63541579580826
  2   1.50579221081551   -0.91328872821793
  2   0.10189771260025   -0.00236396355728
  2   0.15489863514118   -0.00900390475160
6
  2   6.11398182177092  -86.29876130185160
  2   5.53334430198842   80.60666438540080
  2   1.17037900542092   -0.31180422409072
  2   1.64119132438571    0.47749563040619
  2   1.10534707166649   -0.00083561215669
  2   0.80657487909686    0.01007092790032
4
  2   4.51237953260000  -61.45312658208572
  2   4.47813056920000   66.61126846000001
  2   0.84228887060000   -0.20406560117143
  2   0.81108334180000    0.21860672614286
4
  2   9.38111293636891   22.85097564655222
  2   9.36760081872294  -22.42449166333333
  2   1.92659153017653    1.05358098090040
  2   1.95243789825634   -1.10113302857564
$*********************************************************************
$ Livermorium atom
$ ncore=92
$ T. Hangele, M. Dolg, M. Hanrath, XY. Cao, P. Schwerdtfeger, J. Chem. Phys. 136 214105 (2012).
$ T. Hangele, M. Dolg, J. Chem. Phys. 138 044104 (2013).
$*********************************************************************
A 116
ECP 92 6 4
1
  2   1.00000000000000    0.00000000000000
3
  2  17.28531133215990 1722.74393313712994
  2   1.57688761747741    1.67758153357341
  2   0.30115569917540    0.02395708191815
6
  2  11.04382686344790  142.03538048502901
  2   5.39850722474049  101.66441894374800
  2   3.00478688284188   -0.29570025625537
  2   1.55056472839535   -1.14283116905352
  2   0.36237072279630    0.00603205588804
  2   0.16640800072981   -0.00637555757140
6
  2   6.13189418927912   84.67151576178681
  2   5.57695867910647  120.35829497633941
  2   1.50624181696063    0.33386041417792
  2   1.95698661162762    0.73131612027978
  2   0.19187702489823   -0.00925287210454
  2   0.14004696502548   -0.01426756218642
4
  2   4.93614387886856   92.17857659699787
  2   4.89969684427314  133.22122086028571
  2   0.74909493886075    0.27463969149655
  2   0.73174607716239    0.39098646303328
4
  2  10.98913085147120  -51.28301560619378
  2  11.00120685834820  -63.10753902659278
  2   2.46608864205113   -3.12586949564759
  2   2.42108451682603   -3.94921069444705
6
  2  11.04382686344790 -284.07076097005802
  2   5.39850722474049  101.66441894374800
  2   3.00478688284188    0.59140051251074
  2   1.55056472839535   -1.14283116905352
  2   0.36237072279630   -0.01206411177609
  2   0.16640800072981   -0.00637555757140
6
  2   6.13189418927912  -84.67151576178681
  2   5.57695867910647   80.23886331755961
  2   1.50624181696063   -0.33386041417792
  2   1.95698661162762    0.48754408018652
  2   0.19187702489823    0.00925287210454
  2   0.14004696502548   -0.00951170812428
4
  2   4.93614387886856  -61.45238439799857
  2   4.89969684427314   66.61061043014286
  2   0.74909493886075   -0.18309312766437
  2   0.73174607716239    0.19549323151664
4
  2  10.98913085147120   25.64150780309689
  2  11.00120685834820  -25.24301561063711
  2   2.46608864205113    1.56293474782379
  2   2.42108451682603   -1.57968427777882
$*********************************************************************
$ Ununseptium atom
$ ncore=92
$ T. Hangele, M. Dolg, M. Hanrath, XY. Cao, P. Schwerdtfeger, J. Chem. Phys. 136 214105 (2012).
$ T. Hangele, M. Dolg, J. Chem. Phys. 138 044104 (2013).
$*********************************************************************
A 117
ECP 92 6 4
1
  2  1.00000000000000    0.00000000000000
3
  2  17.28531133215990 1722.74393313712994
  2   1.57688761747741    1.67758153357341
  2   0.30115569917540    0.02395708191815
6
  2  11.04382686344790  142.03538048502901
  2   5.39850722474049  101.66441894374800
  2   3.00478688284188   -0.29570025625537
  2   1.55056472839535   -1.14283116905352
  2   0.36237072279630    0.00603205588804
  2   0.16640800072981   -0.00637555757140
6
  2   6.13189418927912   84.67151576178681
  2   5.57695867910647  120.35829497633941
  2   1.50624181696063    0.33386041417792
  2   1.95698661162762    0.73131612027978
  2   0.19187702489823   -0.00925287210454
  2   0.14004696502548   -0.01426756218642
4
  2   4.93614387886856   92.17857659699787
  2   4.89969684427314  133.22122086028571
  2   0.74909493886075    0.27463969149655
  2   0.73174607716239    0.39098646303328
4
  2  10.98913085147120  -51.28301560619378
  2  11.00120685834820  -63.10753902659278
  2   2.46608864205113   -3.12586949564759
  2   2.42108451682603   -3.94921069444705
6
  2  11.04382686344790 -284.07076097005802
  2   5.39850722474049  101.66441894374800
  2   3.00478688284188    0.59140051251074
  2   1.55056472839535   -1.14283116905352
  2   0.36237072279630   -0.01206411177609
  2   0.16640800072981   -0.00637555757140
6
  2   6.13189418927912  -84.67151576178681
  2   5.57695867910647   80.23886331755961
  2   1.50624181696063   -0.33386041417792
  2   1.95698661162762    0.48754408018652
  2   0.19187702489823    0.00925287210454
  2   0.14004696502548   -0.00951170812428
4
  2   4.93614387886856  -61.45238439799857
  2   4.89969684427314   66.61061043014286
  2   0.74909493886075   -0.18309312766437
  2   0.73174607716239    0.19549323151664
4
  2  10.98913085147120   25.64150780309689
  2  11.00120685834820  -25.24301561063711
  2   2.46608864205113    1.56293474782379
  2   2.42108451682603   -1.57968427777882
$*********************************************************************
$ Ununoctium atom
$ ncore=92
$ T. Hangele, M. Dolg, M. Hanrath, XY. Cao, P. Schwerdtfeger, J. Chem. Phys. 136 214105 (2012).
$ T. Hangele, M. Dolg, J. Chem. Phys. 138 044104 (2013).
$*********************************************************************
A 118
ECP 92 6 4
1
  2   1.00000000000000    0.00000000000000
3
  2  17.75733477792650 1709.57512535358001
  2   1.80545982763547    2.10381965701982
  2   0.40044587745535    0.02783369722519
6
  2  11.28871563252340  141.58676601951734
  2   5.44828794338009  102.93314449903134
  2   3.51841805033526   -0.28119853119258
  2   1.57566209264486   -1.39452887141206
  2   1.78343195036962   -0.02105569171594
  2   0.23631715243271   -0.01414251304578
6
  2   6.33275272582756   83.17714129410079
  2   5.77930210504404  118.50885663666119
  2   1.49101661234269    0.48365933100867
  2   1.72388552410585    0.93721879037105
  2   0.35328686832244   -0.01477938398234
  2   0.21648803240119   -0.02026084745124
4
  2   5.16716046904939   92.17795265188886
  2   5.13166881746153  133.22047577453773
  2   0.69894602825142    0.25151829532417
  2   0.68434941800244    0.35831700974225
4
  2  11.84076526821360  -54.17327951068711
  2  11.88768045519760  -67.02712469178444
  2   2.65037175384762   -3.56942043401687
  2   2.47861874034142   -4.30816918260743
6
  2  11.28871563252340 -283.17353203903468
  2   5.44828794338009  102.93314449903134
  2   3.51841805033526    0.56239706238516
  2   1.57566209264486   -1.39452887141206
  2   1.78343195036962    0.04211138343187
  2   0.23631715243271   -0.01414251304578
6
  2   6.33275272582756  -83.17714129410079
  2   5.77930210504404   79.00590442444080
  2   1.49101661234269   -0.48365933100867
  2   1.72388552410585    0.62481252691404
  2   0.35328686832244    0.01477938398234
  2   0.21648803240119   -0.01350723163416
4
  2   5.16716046904939  -61.45196843459257
  2   5.13166881746153   66.61023788726887
  2   0.69894602825142   -0.16767886354945
  2   0.68434941800244    0.17915850487113
4
  2  11.84076526821360   27.08663975534355
  2  11.88768045519760  -26.81084987671378
  2   2.65037175384762    1.78471021700843
  2   2.47861874034142   -1.72326767304297
$*********************************************************************
$ Ununennium atom
$ ncore=92
$ T. Hangele, M. Dolg, P. Schwerdtfeger, J. Chem. Phys. 138 174113 (2013).
$*********************************************************************
A 119
ECP 92 6 4
1
  2   1.00000000000000    0.00000000000000
3
  2  17.79166713380770 1700.56241128281999
  2   1.64619382671984    1.63124006130894
  2   0.15421733045892   -0.01816903794646
6
  2  11.49822383623570  141.33195029859868
  2   5.43204924199742  103.59177030191866
  2   3.79685510973084   -0.26170191339600
  2   1.09886258548968   -1.22870015934095
  2   1.48856332262427   -0.01189508559991
  2   0.02156938227123   -0.00076479960828
6
  2   6.58865758290015   83.76922066232800
  2   5.73974980530185  117.81522091822380
  2   1.91428979792096    0.60191500397791
  2   1.88532615965717    1.03106304013138
  2   0.73517956258125    0.11410873728903
  2   0.39280966214246   -0.10658906662445
4
  2   5.75137268087092  102.91272916708029
  2   5.73737022171214  145.81911599154230
  2   1.13221030561021    0.79342847967957
  2   1.08611160559098    1.14143059368996
4
  2  12.74861879780840  -57.12388795169201
  2  12.80182455260310  -70.69629113971611
  2   2.90075464344509   -4.12820186210752
  2   2.73471936218092   -4.99739457114257
6
  2  11.49822383623570 -282.66390059719737
  2   5.43204924199742  103.59177030191866
  2   3.79685510973084    0.52340382679200
  2   1.09886258548968   -1.22870015934095
  2   1.48856332262427    0.02379017119982
  2   0.02156938227123   -0.00076479960828
6
  2   6.58865758290015  -83.76922066232800
  2   5.73974980530185   78.54348061214920
  2   1.91428979792096   -0.60191500397791
  2   1.88532615965717    0.68737536008758
  2   0.73517956258125   -0.11410873728903
  2   0.39280966214246   -0.07105937774963
4
  2   5.75137268087092  -68.60848611138685
  2   5.73737022171214   72.90955799577115
  2   1.13221030561021   -0.52895231978638
  2   1.08611160559098    0.57071529684498
4
  2  12.74861879780840   28.56194397584600
  2  12.80182455260310  -28.27851645588645
  2   2.90075464344509    2.06410093105376
  2   2.73471936218092   -1.99895782845703
$*********************************************************************
$ Unbinilium atom
$ ncore=92
$ T. Hangele, M. Dolg, P. Schwerdtfeger, J. Chem. Phys. 138 174113 (2013).
$*********************************************************************
A 120
ECP 92 6 4
1
  2    1.00000000000000    0.00000000000000
3
  2   17.88408930742190 1690.89764231304002
  2    1.49050626628717    1.26592550468001
  2    0.23903912299724   -0.07229788139715
6
  2   11.72516973541170  141.76329264035166
  2    5.29349145263695  104.20663930421334
  2    4.02756588882028   -0.28770984227922
  2    1.01886404100917   -1.30118870723267
  2    1.90182861878056   -0.01084026646774
  2    0.91859906416182   -0.45827881477867
6
  2    6.69858750295909   84.63250401351681
  2    5.84358621775954  117.44778795532621
  2    2.38433526639750    0.68427113379396
  2    2.05856218307119    1.17428032970956
  2    0.62255907060439    0.13397016479692
  2    0.47109943631354   -0.10571717852226
4
  2    5.85134415070506  102.91166358239057
  2    5.83009722854926  145.81779184140743
  2    1.25436535520269    0.89145321243859
  2    1.20230074544935    1.28342659440526
4
  2   13.70541269105130  -60.14277082726667
  2   13.77098609410220  -74.56583439027889
  2    3.17074880002672   -4.74222915749804
  2    2.96312808969944   -5.66996137517839
6
  2   11.72516973541170 -283.52658528070333
  2    5.29349145263695  104.20663930421334
  2    4.02756588882028    0.57541968455843
  2    1.01886404100917   -1.30118870723267
  2    1.90182861878056    0.02168053293548
  2    0.91859906416182   -0.45827881477867
6
  2    6.69858750295909  -84.63250401351681
  2    5.84358621775954   78.29852530355080
  2    2.38433526639750   -0.68427113379396
  2    2.05856218307119    0.78285355313971
  2    0.62255907060439   -0.13397016479692
  2    0.47109943631354   -0.07047811901484
4
  2    5.85134415070506  -68.60777572159371
  2    5.83009722854926   72.90889592070371
  2    1.25436535520269   -0.59430214162573
  2    1.20230074544935    0.64171329720263
4
  2   13.70541269105130   30.07138541363334
  2   13.77098609410220  -29.82633375611156
  2    3.17074880002672    2.37111457874902
  2    2.96312808969944   -2.26798455007136
$*********************************************************************
