$*********************************************************************
$                                                                    *
$             Relativistic Effective Core Potentials                 *
$                                                                    *
$*********************************************************************
$ Thallium atom
$ ncore=78
$ Hay and Wadt, JCP 82, 284 (1985).
$*********************************************************************
A 81
ECP 78 5 0
   6
   0       0.3737911D+03      -0.1746222D+00
   1       0.9902220D+02      -0.2458581D+02
   1       0.1768446D+02      -0.2852147D+02
   2       0.8628122D+01      -0.4799773D+02
   2       0.3035388D+01      -0.1317333D+02
   2       0.1119195D+01      -0.1197253D+01
   5
   0       0.1698812D+03       0.2796075D+01
   1       0.5824350D+02       0.7490627D+02
   2       0.2172815D+02       0.2643324D+03
   2       0.6635925D+01       0.1023428D+03
   2       0.1461597D+01       0.3030546D+02
   6
   0       0.2489439D+03       0.1971924D+01
   1       0.8466014D+02       0.7003684D+02
   2       0.3396741D+02       0.2867646D+03
   2       0.1152391D+02       0.1414004D+03
   2       0.3535436D+01       0.4504901D+02
   2       0.9812915D+00       0.1646553D+02
   6
   0       0.8620368D+02       0.3072512D+01
   1       0.7602806D+02       0.4318096D+02
   2       0.2628468D+02       0.3027696D+03
   2       0.3319110D+01       0.1163042D+03
   2       0.2700937D+01      -0.5930664D+02
   2       0.5492105D+00      -0.2462594D+00
   6
   0       0.1159462D+03       0.3988816D+01
   1       0.4374440D+02       0.5444812D+02
   2       0.4649372D+02       0.8987560D+02
   2       0.1328490D+02       0.1873745D+03
   2       0.2534710D+01       0.1535529D+02
   2       0.7670500D+00      -0.6439303D+00
$*********************************************************************
$ Lead atom
$ ncore=78
$ Hay and Wadt, JCP 82, 284 (1985).
$*********************************************************************
A 82
ECP 78 5 0
   6
   0       0.3765804D+03      -0.1789605D+00
   1       0.8648400D+02      -0.5439723D+02
   2       0.2667843D+02      -0.1997062D+03
   2       0.9426199D+01      -0.7912239D+02
   2       0.2710172D+01      -0.2498690D+02
   2       0.8792031D+00      -0.4439794D+01
   6
   0       0.1324249D+03       0.2811539D+01
   1       0.4723760D+02       0.6503672D+02
   2       0.1763127D+02       0.2127869D+03
   2       0.5474471D+01       0.7210532D+02
   2       0.1263486D+01       0.3301409D+02
   2       0.7651447D+00      -0.5770846D+01
   6
   0       0.6789665D+02       0.4875491D+01
   1       0.2498982D+02       0.6391481D+02
   2       0.1070529D+02       0.1481064D+03
   2       0.3279257D+01       0.4731063D+02
   2       0.8452522D+00       0.2103067D+02
   2       0.6416245D+00      -0.7093077D+01
   6
   0       0.6883360D+02       0.3216139D+01
   1       0.2428159D+02       0.5573861D+02
   2       0.9453276D+01       0.1214168D+03
   2       0.2478819D+01       0.1934561D+02
   2       0.2478916D+01       0.1536752D+02
   2       0.5551738D+00       0.6129872D+01
   6
   0       0.1281021D+03       0.4135368D+01
   1       0.5480292D+02       0.6751284D+02
   2       0.2455293D+02       0.2587373D+03
   2       0.8114479D+01       0.1132478D+03
   2       0.1693129D+01       0.3416802D+02
   2       0.7670500D+00      -0.6553196D+01
$*********************************************************************
$ Bismuth atom
$ ncore=78
$ Hay and Wadt, JCP 82, 284 (1985).
$*********************************************************************
A 83
ECP 78 5 0
   6
   0       0.2233092D+03      -0.1833520D+00
   1       0.8646992D+02      -0.5333895D+02
   2       0.2684922D+02      -0.2019118D+03
   2       0.9382362D+01      -0.7631153D+02
   2       0.2761471D+01      -0.2425785D+02
   2       0.9423923D+00      -0.4031970D+01
   6
   0       0.1559784D+03       0.2791651D+01
   1       0.5445911D+02       0.7185538D+02
   2       0.2017946D+02       0.2524327D+03
   2       0.6127310D+01       0.8960451D+02
   2       0.1180598D+01       0.6117441D+02
   2       0.9932464D+00      -0.3304719D+02
   6
   0       0.7450914D+02       0.4846291D+01
   1       0.2804876D+02       0.6568834D+02
   2       0.1201685D+02       0.1662620D+03
   2       0.3691433D+01       0.5413933D+02
   2       0.9080824D+00       0.2862049D+02
   2       0.7394617D+00      -0.1234522D+02
   6
   0       0.6808567D+02       0.3218383D+01
   1       0.2372504D+02       0.5489527D+02
   2       0.9243705D+01       0.1165541D+03
   2       0.1845229D+01       0.6907607D+02
   2       0.1220986D+01      -0.7264109D+02
   2       0.8740861D+00       0.3894001D+02
   6
   0       0.1343539D+03       0.3986407D+01
   1       0.5158128D+02       0.6302621D+02
   2       0.5493073D+02       0.9252600D+02
   2       0.1704753D+02       0.2409974D+03
   2       0.3770282D+01       0.6218446D+02
   2       0.7670500D+00      -0.1725113D+01
$*********************************************************************
$ Uranium atom
$ ncore=78
$ Hay and Martin, JCP 109, 3875 (1998)
$*********************************************************************
A 92
ECP 78 5 0
    7
         0        4.5162725    -0.2252710
         1      368.6876952   -53.7805701
         2      112.7576708  -516.3052053
         2       30.2032915  -202.6738222
         2       10.2978355   -62.5644049
         2        3.4910515   -21.5589559
         2        1.2668391    -1.5390545
    8
         0      257.3529442     2.6118816
         1       83.1605428    81.2356657
         2       29.7200513   353.2465364
         2        6.2482132   311.9292234
         2        4.1634672  -423.5525795
         2        3.0001511   293.2160836
         2        1.5600000   -21.3442552
         2        0.8700000     1.6692548
    8
         0      288.7298250     1.8414388
         1       76.7838420    75.7054755
         2       24.8252003   288.4601674
         2        5.1248735   250.7289429
         2        3.7603300  -318.8968061
         2        2.9761706   160.0844924
         2        1.9919017    33.7801891
         2        0.9738832    -2.0699997
    6
         0      350.4699407     2.9082064
         1      166.7091301    74.3577628
         2       85.8206119   587.1140329
         2       26.9842255   317.2543679
         2        7.1565592   102.8422117
         2        1.2840855    22.4214278
    7
         0      251.2670754     3.9350339
         1      108.0109218    64.9434120
         2      114.8021895   265.1804776
         2       39.9112545   389.4284090
         2       11.9039784   153.4767221
         2        3.3850772    12.0807444
         2        1.2677607    -1.3510138
$*********************************************************************
$ Neptunium atom
$ ncore=78
$ Hay and Martin, JCP 109, 3875 (1998)
$*********************************************************************
A 93
ECP 78 6 0
    7
         0        1.0431273    -0.2301948
         1      317.0276068   -45.5001281
         2      105.9200340  -476.5653727
         2       29.2113328  -195.8477182
         2        9.9327688   -57.8033664
         2        3.5043448   -19.7434600
         2        1.2134041    -1.0669649
    8
         0      196.0114236     2.6018728
         1       73.6959968    85.3028322
         2       27.9519076   372.5884385
         2        6.0935022   355.0393107
         2        4.2584097  -432.4088966
         2        2.8448358   302.4498093
         2        1.7818317   -66.3372789
         2        1.3126743    12.2063863
    8
         2       27.9519076   372.5884385
         2        6.0935022   355.0393107
         2        4.2584097  -432.4088966
         2        2.8448358   302.4498093
         2        1.7818317   -66.3372789
         2        1.3126743    12.2063863
    8
         0      217.8757476     1.8377632
         1       66.6524691    86.7559344
         2       22.5472363   326.3012014
         2        4.5144361   387.4745274
         2        3.4261582  -616.3588385
         2        2.7548460   367.0476211
         2        1.3259098    -9.1550781
         2        0.9946893     1.6218141
    6
         0      250.4999784     2.9061609
         1      130.4032828    64.0478688
         2       75.7534615   474.2855599
         2       25.4552546   299.0115220
         2        6.9093550    97.8146796
         2        1.3686266    25.0346351
    7
         0      283.1561694     3.9473741
         1      135.8585924    52.4962633
         2      146.7224456   488.6480804
         2       51.0645382   462.0665382
         2       15.2903208   194.5802503
         2        4.1160496    21.9961143
         2        1.5118960    -1.8379283
$*********************************************************************
$ Plutonium atom
$ ncore=78
$ Hay and Martin, JCP 109, 3875 (1998).
$*********************************************************************
A 94
ECP 78 5 0
    7
         0        1.1870180    -0.2351718
         1      320.1179395   -45.4081287
         2      107.2740348  -476.8288295
         2       29.6307950  -197.0071237
         2        9.9804742   -56.9841048
         2        3.5674691   -19.1954418
         2        1.1899211    -0.9423357
    8
         0      158.8492184     2.5916624
         1       89.9329314    62.4462904
         2       36.8569318   385.9249706
         2        7.1893383   404.6175823
         2        4.8242287  -541.9641571
         2        3.0576352   383.4766370
         2        1.9204674   -95.8282398
         2        1.4002527    17.9027180
    8
         0      205.3583344     1.8340376
         1       73.8574796    64.7077751
         2       26.4937731   280.8660049
         2        4.9612440   385.3008049
         2        3.6464185  -769.1010536
         2        2.8852656   517.2637286
         2        1.6913216   -34.2942762
         2        1.1024245     2.9362540
    6
         0      236.9374680     2.9040916
         1      121.7063684    65.4380888
         2       70.3224181   435.7288038
         2       24.5731063   287.9883569
         2        6.7775423    96.3047822
         2        1.4529015    26.8450498
    7
         0      274.1162206     3.9474354
         1      131.2837669    52.9504481
         2      143.5982730   467.0766447
         2       49.6887665   454.3389567
         2       14.9990763   189.3942401
         2        4.2478349    21.1763500
         2        1.5745337    -1.8564639
$*********************************************************************
