$*********************************************************************
$                                                                    *
$             Relativistic Effective Core Potentials                 *
$                                                                    *
$*********************************************************************
$ Hafnium atom
$ ncore=68
$ Hay and Wadt, JCP 82, 270(1985)
$*********************************************************************
A 72
ECP 68 5 0
   6
   0       0.4043026D+03      -0.1379731D+00
   1       0.1099067D+03      -0.4474295D+02
   2       0.3753169D+02      -0.2283190D+03
   2       0.1004480D+02      -0.9958140D+02
   2       0.2954381D+01      -0.2456476D+02
   2       0.9259902D+00      -0.4069492D+01
   6
   0       0.9814865D+02       0.2776370D+01
   1       0.3254672D+02       0.7195108D+02
   2       0.1061194D+02       0.1709958D+03
   2       0.3044424D+01       0.4797623D+02
   2       0.6938215D+00       0.1753302D+02
   2       0.5910513D+00      -0.5942408D+01
   5
   0       0.8444685D+02       0.1905010D+01
   1       0.2709176D+02       0.5179686D+02
   2       0.8533967D+01       0.1153729D+03
   2       0.2245226D+01       0.2607359D+02
   2       0.4825892D+00       0.6820364D+01
   6
   0       0.7659050D+02       0.2944188D+01
   1       0.2735376D+02       0.5143588D+02
   2       0.9626179D+01       0.1207577D+03
   2       0.2584249D+01       0.3658234D+02
   2       0.1774716D+01      -0.5259514D+01
   2       0.3420756D+00      -0.3554933D+00
   6
   0       0.4572609D+00       0.3960355D+01
   1       0.1256613D+02       0.3940367D+02
   2       0.3595459D+01       0.4822035D+02
   2       0.8968121D+00       0.1492317D+02
   2       0.1598810D+00       0.8370084D+01
   2       0.1447955D+00      -0.6143792D+01
$*********************************************************************
$ Tantalum atom
$ ncore=68
$ Hay and Wadt, JCP 82, 270(1985)
$*********************************************************************
A 73
ECP 68 5 0
   6
   0       0.4389654D+03      -0.1418323D+00
   1       0.1128894D+03      -0.4461051D+02
   2       0.3903005D+02      -0.2306826D+03
   2       0.1056640D+02      -0.1008704D+03
   2       0.3145001D+01      -0.2449674D+02
   2       0.9962317D+00      -0.3986234D+01
   6
   0       0.8879770D+02       0.2769549D+01
   1       0.2996054D+02       0.6380121D+02
   2       0.1011221D+02       0.1540916D+03
   2       0.2903430D+01       0.4280012D+02
   2       0.6314816D+00       0.1826680D+02
   2       0.5171641D+00      -0.7631715D+01
   5
   0       0.8284885D+02       0.1902261D+01
   1       0.2620973D+02       0.5582921D+02
   2       0.8268746D+01       0.1219975D+03
   2       0.2141100D+01       0.2853958D+02
   2       0.5300236D+00       0.7540320D+01
   6
   0       0.8024838D+02       0.2942608D+01
   1       0.2889582D+02       0.5253140D+02
   2       0.1026689D+02       0.1274437D+03
   2       0.2758951D+01       0.3906628D+02
   2       0.1694256D+01      -0.4895405D+01
   2       0.3198755D+00      -0.2876030D+00
   6
   0       0.4782017D+00       0.3959239D+01
   1       0.1646896D+02       0.4071085D+02
   2       0.4711197D+01       0.5973566D+02
   2       0.1086261D+01       0.1719923D+02
   2       0.1969840D+00       0.9072589D+01
   2       0.1756469D+00      -0.6494135D+01
$*********************************************************************
$ Tungsten atom
$ ncore=68
$ Hay and Wadt, JCP 82, 270(1985)
$*********************************************************************
A 74
ECP 68 5 0
   6
   0       0.3293530D+03      -0.1457448D+00
   1       0.1136103D+03      -0.4381876D+02
   2       0.3993081D+02      -0.2294537D+03
   2       0.1100465D+02      -0.1014253D+03
   2       0.3309918D+01      -0.2429729D+02
   2       0.1059787D+01      -0.3877127D+01
   6
   0       0.1207194D+03       0.2762596D+01
   1       0.4048632D+02       0.9094328D+02
   2       0.1224144D+02       0.2125687D+03
   2       0.3353613D+01       0.5461626D+02
   2       0.7254557D+00       0.2076645D+02
   2       0.5842076D+00      -0.7544843D+01
   5
   0       0.9772636D+02       0.1899468D+01
   1       0.3200304D+02       0.5335003D+02
   2       0.1030448D+02       0.1310179D+03
   2       0.2840376D+01       0.3099300D+02
   2       0.5753263D+00       0.8819535D+01
   6
   0       0.8097255D+02       0.2941006D+01
   1       0.2988544D+02       0.5283488D+02
   2       0.1077169D+02       0.1325223D+03
   2       0.2761254D+01       0.5023603D+02
   2       0.2063958D+01      -0.1424116D+02
   2       0.3408971D+00      -0.2994311D+00
   6
   0       0.4778739D+00       0.3958108D+01
   1       0.1918132D+02       0.4172450D+02
   2       0.5482307D+01       0.6818622D+02
   2       0.1232743D+01       0.1928472D+02
   2       0.2348829D+00       0.8602874D+01
   2       0.2044616D+00      -0.5693943D+01
$*********************************************************************
$ Rhenium atom
$ ncore=68
$ Hay and Wadt, JCP 82, 270(1985)
$*********************************************************************
A 75
ECP 68 5 0
   6
   0       0.3414416D+03      -0.1497104D+00
   1       0.1154635D+03      -0.4385745D+02
   2       0.4055804D+02      -0.2297902D+03
   2       0.1127592D+02      -0.1013640D+03
   2       0.3396777D+01      -0.2350517D+02
   2       0.1107083D+01      -0.3617854D+01
   6
   0       0.1010858D+03       0.2755509D+01
   1       0.3429834D+02       0.7065914D+02
   2       0.1157079D+02       0.1787035D+03
   2       0.3354032D+01       0.5010661D+02
   2       0.7432483D+00       0.2201452D+02
   2       0.6011833D+00      -0.8575503D+01
   5
   0       0.9466173D+02       0.1896631D+01
   1       0.3081254D+02       0.5470841D+02
   2       0.9908410D+01       0.1315648D+03
   2       0.2636333D+01       0.3095730D+02
   2       0.6257650D+00       0.9503292D+01
   6
   0       0.8391715D+02       0.2939381D+01
   1       0.3123516D+02       0.5349958D+02
   2       0.1133001D+02       0.1382787D+03
   2       0.2805682D+01       0.6141891D+02
   2       0.2230317D+01      -0.2362823D+02
   2       0.3547500D+00      -0.2989651D+00
   6
   0       0.4765942D+00       0.3956961D+01
   1       0.1940957D+02       0.4234844D+02
   2       0.5571728D+01       0.6908258D+02
   2       0.1275894D+01       0.2048902D+02
   2       0.2493947D+00       0.6595159D+01
   2       0.2054839D+00      -0.3699811D+01
$*********************************************************************
$ Osmium atom
$ ncore=68
$ Hay and Wadt, JCP 82, 270(1985)
$*********************************************************************
A 76
ECP 68 5 0
   6
   0       0.3834895D+03      -0.1537293D+00
   1       0.1181733D+03      -0.4393853D+02
   2       0.4153914D+02      -0.2313806D+03
   2       0.1163671D+02      -0.1019943D+03
   2       0.3508824D+01      -0.2307986D+02
   2       0.1156200D+01      -0.3429917D+01
   6
   0       0.1015361D+03       0.2748286D+01
   1       0.3431144D+02       0.6628988D+02
   2       0.1186251D+02       0.1730951D+03
   2       0.3475521D+01       0.4991723D+02
   2       0.7821672D+00       0.2119239D+02
   2       0.6099043D+00      -0.7248973D+01
   5
   0       0.9560908D+02       0.1893751D+01
   1       0.3059005D+02       0.5818820D+02
   2       0.9835227D+01       0.1390440D+03
   2       0.2595826D+01       0.3382466D+02
   2       0.6766517D+00       0.1019806D+02
   6
   0       0.8694789D+02       0.2937733D+01
   1       0.3343689D+02       0.5330619D+02
   2       0.1220839D+02       0.1466642D+03
   2       0.2802385D+01       0.7325942D+02
   2       0.2297052D+01      -0.3420364D+02
   2       0.3556000D+00      -0.2733322D+00
   6
   0       0.1371231D+01       0.3955798D+01
   1       0.2398894D+02       0.4345501D+02
   2       0.6809046D+01       0.7879292D+02
   2       0.1351676D+01       0.1669835D+02
   2       0.2925597D+00       0.6952112D+01
   2       0.2375690D+00      -0.3858047D+01
$*********************************************************************
$ Iridium atom
$ ncore=68
$ Hay and Wadt, JCP 82, 270(1985)
$*********************************************************************
A 77
ECP 68 5 0
   6
   0       0.5196134D+03      -0.1578014D+00
   1       0.1223130D+03      -0.4437546D+02
   2       0.4255677D+02      -0.2352707D+03
   2       0.1192530D+02      -0.1024293D+03
   2       0.3581612D+01      -0.2241838D+02
   2       0.1194101D+01      -0.3179449D+01
   6
   0       0.1326008D+03       0.2740924D+01
   1       0.4574560D+02       0.9226868D+02
   2       0.1438504D+02       0.2378254D+03
   2       0.4067987D+01       0.6463716D+02
   2       0.9498427D+00       0.2201675D+02
   2       0.6934006D+00      -0.4371106D+01
   5
   0       0.1141855D+03       0.1890826D+01
   1       0.3761070D+02       0.5596328D+02
   2       0.1235321D+02       0.1505667D+03
   2       0.3474404D+01       0.3768735D+02
   2       0.7246351D+00       0.1155708D+02
   6
   0       0.9065471D+02       0.2936062D+01
   1       0.3498407D+02       0.5458448D+02
   2       0.1290031D+02       0.1539982D+03
   2       0.3066990D+01       0.7597107D+02
   2       0.2488483D+01      -0.3250581D+02
   2       0.4041198D+00      -0.3246828D+00
   6
   0       0.5709618D+01       0.3954620D+01
   1       0.1935989D+02       0.4344098D+02
   2       0.5407336D+01       0.7963388D+02
   2       0.1419928D+01       0.2962920D+02
   2       0.3315322D+00       0.5741907D+01
   2       0.2340301D+00      -0.1936912D+01
$*********************************************************************
$ Platnium atom
$ ncore=68
$ Hay and Wadt, JCP 82, 270(1985)
$*********************************************************************
A 78 
ECP 68 5 0
   6
   0       0.4152990D+03      -0.1619268D+00
   1       0.1179901D+03      -0.4410566D+02
   2       0.4127165D+02      -0.2258208D+03
   2       0.1185728D+02      -0.9934621D+02
   2       0.3545212D+01      -0.2092722D+02
   2       0.1203145D+01      -0.2750938D+01
   6
   0       0.1183124D+03       0.2733422D+01
   1       0.4022698D+02       0.7687883D+02
   2       0.1364206D+02       0.2083221D+03
   2       0.3988444D+01       0.6003122D+02
   2       0.9246716D+00       0.2598122D+02
   2       0.7260083D+00      -0.8641822D+01
   5
   0       0.1117932D+03       0.1887857D+01
   1       0.3645269D+02       0.5710330D+02
   2       0.1192715D+02       0.1506781D+03
   2       0.3255388D+01       0.3729851D+02
   2       0.7783811D+00       0.1230816D+02
   6
   0       0.9231127D+02       0.2934368D+01
   1       0.3937729D+02       0.5286911D+02
   2       0.1469183D+02       0.1706411D+03
   2       0.3023406D+01       0.9983539D+02
   2       0.2566698D+01      -0.5431707D+02
   2       0.4019102D+00      -0.2872878D+00
   6
   0       0.1652457D+01       0.3953425D+01
   1       0.2321552D+02       0.4498893D+02
   2       0.6733689D+01       0.8531119D+02
   2       0.1498537D+01       0.2876190D+02
   2       0.3567339D+00       0.6885571D+01
   2       0.2699638D+00      -0.2674282D+01
$*********************************************************************
$ Gold atom
$ ncore=68
$ Hay and Wadt, JCP 82, 270(1985)
$*********************************************************************
A 79
ECP 68 5 0
   6
   0       0.4335024D+03      -0.1661054D+00
   1       0.1113294D+03      -0.4371314D+02
   2       0.3923930D+02      -0.2124673D+03
   2       0.1170366D+02      -0.9472698D+02
   2       0.3508190D+01      -0.1947072D+02
   2       0.1208844D+01      -0.2373309D+01
   6
   0       0.1171238D+03       0.2725776D+01
   1       0.3985184D+02       0.7164373D+02
   2       0.1402213D+02       0.2016713D+03
   2       0.4194444D+01       0.6081044D+02
   2       0.9742593D+00       0.3428978D+02
   2       0.8357820D+00      -0.1572854D+02
   5
   0       0.1098661D+03       0.1884843D+01
   1       0.3586453D+02       0.5824930D+02
   2       0.1181527D+02       0.1532713D+03
   2       0.3177649D+01       0.3870472D+02
   2       0.8280106D+00       0.1288390D+02
   6
   0       0.9231296D+02       0.2932651D+01
   1       0.3941550D+02       0.5372619D+02
   2       0.1493500D+02       0.1731778D+03
   2       0.3180976D+01       0.1361236D+03
   2       0.2827841D+01      -0.8684014D+02
   2       0.4201538D+00      -0.2963681D+00
   6
   0       0.1451663D+01       0.3952215D+01
   1       0.2070626D+02       0.4494233D+02
   2       0.6059014D+01       0.7536174D+02
   2       0.1443274D+01       0.2742635D+02
   2       0.3276190D+00       0.7751174D+01
   2       0.2715330D+00      -0.4260931D+01
$*********************************************************************
$ Mercury atom
$ ncore=68
$ Hay and Wadt, JCP 82, 270(1985)
$*********************************************************************
A 80
ECP 68 5 0
   6
   0       0.3183460D+03      -0.1703372D+00
   1       0.9561872D+02      -0.2451897D+02
   1       0.1756526D+02      -0.2823053D+02
   2       0.8633680D+01      -0.5021602D+02
   2       0.3002552D+01      -0.1383255D+02
   2       0.1100483D+01      -0.1397726D+01
   5
   0       0.1800082D+03       0.2744042D+01
   1       0.6097821D+02       0.6886713D+02
   2       0.2294447D+02       0.2468006D+03
   2       0.6868146D+01       0.9778642D+02
   2       0.1334523D+01       0.2654659D+02
   6
   0       0.2605481D+03       0.1944652D+01
   1       0.8957290D+02       0.6493158D+02
   2       0.3714614D+02       0.2723522D+03
   2       0.1249604D+02       0.1385794D+03
   2       0.3783348D+01       0.4121582D+02
   2       0.9041993D+00       0.1517128D+02
   6
   0       0.7205862D+02       0.3115349D+01
   1       0.5387687D+02       0.4455802D+02
   2       0.1965570D+02       0.2302588D+03
   2       0.3438673D+01       0.9852712D+02
   2       0.2755207D+01      -0.4337189D+02
   2       0.4923262D+00      -0.3260880D+00
   6
   0       0.8690085D+02       0.4002725D+01
   1       0.3138448D+02       0.5396002D+02
   2       0.3356833D+02       0.2527560D+02
   2       0.1060470D+02       0.1459184D+03
   2       0.2212123D+01       0.1176376D+02
   2       0.7670500D+00      -0.6759736D+00
$*********************************************************************
