$*********************************************************************
$                                                                    *
$             Relativistic Effective Core Potentials                 *
$                                                                    *
$*********************************************************************
$*********************************************************************
$ Cesium atom
$ ncore=54
$ Hay and Wadt, JCP 82, 284 (1985)
$*********************************************************************
A 55
ECP 54 4 0
   6
   0       0.9638638D+02      -0.8051090D-01
   1       0.2273913D+02      -0.3413280D+02
   2       0.6329995D+01      -0.5281227D+02
   2       0.2007418D+01      -0.1581547D+02
   2       0.5792657D+00      -0.4166398D+01
   2       0.2281691D+00      -0.4762118D+00
   6
   0       0.9198484D+02       0.3144214D+01
   1       0.3091580D+02       0.5658546D+02
   2       0.1258341D+02       0.1287604D+03
   2       0.4162319D+01       0.5530171D+02
   2       0.1334236D+01       0.1809021D+02
   2       0.3493508D+00       0.5347257D+01
   6
   0       0.3915456D+02       0.4967428D+01
   1       0.1647090D+02       0.4400837D+02
   2       0.7703474D+01       0.7608771D+02
   2       0.2852736D+01       0.3773751D+02
   2       0.8534501D+00       0.1146935D+02
   2       0.2253916D+00       0.2643007D+01
   5
   0       0.3855031D+02       0.7061537D+01
   1       0.2537082D+02       0.3896074D+02
   2       0.1364746D+02       0.1698032D+03
   2       0.3845812D+01       0.7247389D+02
   2       0.7760261D+00       0.1653438D+02
$*********************************************************************
$ Barium atom
$ ncore=54
$ Hay and Wadt, JCP 82, 284 (1985)
$*********************************************************************
A 56
ECP 54 4 0
   6
   0       0.8094493D+02      -0.8346520D-01
   1       0.2354620D+02      -0.3405892D+02
   2       0.6504291D+01      -0.5439998D+02
   2       0.1968016D+01      -0.1510983D+02
   2       0.5989001D+00      -0.3682488D+01
   2       0.2345986D+00      -0.3119913D+00
   6
   0       0.1093469D+03       0.2893620D+01
   1       0.4208987D+02       0.4809856D+02
   2       0.1951700D+02       0.1471817D+03
   2       0.6426943D+01       0.6843874D+02
   2       0.1923230D+01       0.2428617D+02
   2       0.4036119D+00       0.7030307D+01
   6
   0       0.4106445D+02       0.4963986D+01
   1       0.1739964D+02       0.4488919D+02
   2       0.8289681D+01       0.7975161D+02
   2       0.3189786D+01       0.4026752D+02
   2       0.1016722D+01       0.1378076D+02
   2       0.2603415D+00       0.3576899D+01
   6
   0       0.8193265D+02       0.3004898D+01
   1       0.2942410D+02       0.4479646D+02
   2       0.1300473D+02       0.9717527D+02
   2       0.4557728D+01       0.4624818D+02
   2       0.1341276D+01       0.1518411D+02
   2       0.2116641D+00      -0.2101319D+00
$*********************************************************************
$ Lanthanum atom
$ ncore=54
$ Hay and Wadt, JCP 82, 284 (1985)
$*********************************************************************
A 57
ECP 54 4 0
   6
   0       0.6403421D+00      -0.8647270D-01
   1       0.2698120D+02      -0.3365246D+02
   2       0.7478062D+01      -0.5955945D+02
   2       0.2336487D+01      -0.1513326D+02
   2       0.9083284D+00      -0.4826373D+01
   2       0.2932768D+00      -0.8658915D+00
   6
   0       0.8673220D+02       0.2878214D+01
   1       0.3627959D+02       0.4778966D+02
   2       0.1689589D+02       0.1338660D+03
   2       0.5790775D+01       0.6655531D+02
   2       0.1768626D+01       0.2410937D+02
   2       0.4036790D+00       0.6796948D+01
   6
   0       0.1076317D+03       0.2008189D+01
   1       0.3924926D+02       0.4960394D+02
   2       0.1580485D+02       0.1388098D+03
   2       0.4923380D+01       0.6069497D+02
   2       0.1379524D+01       0.1959111D+02
   2       0.2981099D+00       0.5274930D+01
   6
   0       0.7655266D+02       0.2984184D+01
   1       0.3917107D+02       0.3879225D+02
   2       0.1936469D+02       0.1390868D+03
   2       0.5777729D+01       0.6367908D+02
   2       0.1025966D+01       0.2680614D+02
   2       0.8249295D+00      -0.1333073D+02
$*********************************************************************
