$*********************************************************************
$                                                                    *
$             Relativistic Effective Core Potentials                 *
$                                                                    *
$*********************************************************************
$*********************************************************************
$ Rubidium atom
$ ncore=36
$ Hay and Wadt, JCP 82, 284 (1985)
$*********************************************************************
A 37
ECP 36 4 0
   6
   0       0.1450351D+03      -0.3643620D-01
   1       0.2127497D+02      -0.2330624D+02
   2       0.6609458D+01      -0.4197083D+02
   2       0.1870531D+01      -0.8805488D+01
   2       0.6177734D+00      -0.3276283D+01
   2       0.2487102D+00      -0.1823006D+00
   6
   0       0.6607491D+02       0.3051638D+01
   1       0.2984432D+02       0.3440238D+02
   2       0.1484749D+02       0.9949669D+02
   2       0.5664824D+01       0.5214378D+02
   2       0.1677459D+01       0.1707603D+02
   2       0.4485012D+00       0.5540210D+01
   6
   0       0.8108523D+02       0.2075397D+01
   1       0.2915885D+02       0.3827718D+02
   2       0.1124407D+02       0.9877058D+02
   2       0.3732571D+01       0.3438334D+02
   2       0.1037369D+01       0.1164037D+02
   2       0.2728727D+00       0.2472931D+01
   5
   0       0.5680368D+02       0.3030323D+01
   1       0.2999148D+02       0.2884425D+02
   2       0.1428704D+02       0.1048105D+03
   2       0.4499667D+01       0.4300349D+02
   2       0.9210966D+00       0.1081732D+02
$*********************************************************************
$ Strontium atom
$ ncore=36
$ Hay and Wadt, JCP 82, 284 (1985)
$*********************************************************************
A 38
ECP 36 4 0
   6
   0       0.1114939D+03      -0.3843230D-01
   1       0.1938727D+02      -0.2261949D+02
   2       0.6532147D+01      -0.3643191D+02
   2       0.1869715D+01      -0.9071827D+01
   2       0.6304149D+00      -0.2609838D+01
   2       0.2498766D+00      -0.5595780D-01
   6
   0       0.8509695D+02       0.3051739D+01
   1       0.3886281D+02       0.4017250D+02
   2       0.1941155D+02       0.1318950D+03
   2       0.7256511D+01       0.7276109D+02
   2       0.2166036D+01       0.2426436D+02
   2       0.5503453D+00       0.7809664D+01
   6
   0       0.3211827D+02       0.5010302D+01
   1       0.1556758D+02       0.2972253D+02
   2       0.9881633D+01       0.6778421D+02
   2       0.4061500D+01       0.3794943D+02
   2       0.1265250D+01       0.1436498D+02
   2       0.3450867D+00       0.3643664D+01
   6
   0       0.7062033D+02       0.2904972D+01
   1       0.2414987D+02       0.3394640D+02
   2       0.9127831D+01       0.8304301D+02
   2       0.1589157D+01       0.4625572D+02
   2       0.1285601D+01      -0.2774085D+02
   2       0.2348379D+00      -0.5210220D-01
$*********************************************************************
$ Yttrium atom
$ ncore=36
$ Hay and Wadt, JCP 82, 270 (1985)
$*********************************************************************
A 39
ECP 36 4 0
   7
   0       0.2862468D+03      -0.4048170D-01
   1       0.7974886D+02      -0.2470372D+02
   2       0.2693534D+02      -0.8709637D+02
   2       0.1281678D+02      -0.3405078D+02
   2       0.5548818D+01      -0.2628270D+02
   2       0.1501995D+01      -0.7648931D+01
   2       0.5336407D+00      -0.1296091D+01
   5
   0       0.2854742D+02       0.2937996D+01
   1       0.8433490D+01       0.3019609D+02
   2       0.2712334D+01       0.2709944D+02
   2       0.4715347D+00       0.1966774D+02
   2       0.4358282D+00      -0.1223372D+02
   4
   0       0.2291907D+02       0.1972765D+01
   1       0.6762249D+01       0.2612157D+02
   2       0.1804397D+01       0.1704666D+02
   2       0.3843715D+00       0.4953713D+01
   6
   0       0.4242813D+02       0.2983754D+01
   1       0.2411847D+02       0.2281824D+02
   2       0.1038911D+02       0.8213710D+02
   2       0.1632383D+01       0.4193370D+02
   2       0.1507216D+01      -0.3125673D+02
   2       0.2580772D+00      -0.1926108D+00
$*********************************************************************
$ Zirconium atom
$ ncore=36
$ Hay and Wadt, JCP 82, 270 (1985)
$*********************************************************************
A 40
ECP 36 4 0
   7
   0       0.2586888D+03      -0.4258430D-01
   1       0.7979980D+02      -0.2460958D+02
   2       0.2638667D+02      -0.8814162D+02
   2       0.1288341D+02      -0.3058670D+02
   2       0.5637113D+01      -0.2551320D+02
   2       0.1521284D+01      -0.7507468D+01
   2       0.5288955D+00      -0.9316733D+00
   5
   0       0.3701375D+02       0.2934702D+01
   1       0.1077403D+02       0.3178218D+02
   2       0.3571658D+01       0.3546516D+02
   2       0.5152143D+00       0.1668481D+02
   2       0.4498238D+00      -0.8120371D+01
   4
   0       0.2829445D+02       0.1971337D+01
   1       0.8276132D+01       0.2702130D+02
   2       0.2376090D+01       0.2024736D+02
   2       0.4378428D+00       0.5991894D+01
   6
   0       0.4450322D+02       0.2982908D+01
   1       0.3381630D+02       0.2121001D+02
   2       0.1343837D+02       0.1100417D+03
   2       0.1870677D+01       0.4063937D+02
   2       0.1669134D+01      -0.2717434D+02
   2       0.2966756D+00      -0.2148958D+00
$*********************************************************************
$ Niobium atom
$ ncore=36
$ Hay and Wadt, JCP 82, 270 (1985)
$*********************************************************************
A 41
ECP 36 4 0
   7
   0       0.4862081D+03      -0.4474010D-01
   1       0.8262579D+02      -0.2489921D+02
   2       0.2607070D+02      -0.9299999D+02
   2       0.1305253D+02      -0.2599740D+02
   2       0.5657488D+01      -0.2527998D+02
   2       0.1528558D+01      -0.7096147D+01
   2       0.5170244D+00      -0.6683218D+00
   5
   0       0.3400207D+02       0.2931317D+01
   1       0.1005520D+02       0.3246498D+02
   2       0.3285539D+01       0.3371556D+02
   2       0.5885171D+00       0.1771420D+02
   2       0.5033570D+00      -0.7695454D+01
   4
   0       0.2661602D+02       0.1969871D+01
   1       0.7882944D+01       0.2806148D+02
   2       0.2174411D+01       0.2153152D+02
   2       0.4978172D+00       0.6777564D+01
   6
   0       0.4773964D+02       0.2982039D+01
   1       0.5219004D+02       0.1973290D+02
   2       0.1769608D+02       0.1474617D+03
   2       0.2097324D+01       0.3663516D+02
   2       0.1747086D+01      -0.2035845D+02
   2       0.3078355D+00      -0.1931499D+00
$*********************************************************************
$ Molybdenum atom
$ ncore=36
$ Hay and Wadt, JCP 82, 270 (1985)
$*********************************************************************
A 42
ECP 36 4 0
   7
   0       0.1404578D+03      -0.4694920D-01
   1       0.8947393D+02      -0.2497550D+02
   2       0.2614629D+02      -0.1040254D+03
   2       0.1330342D+02      -0.1864488D+02
   2       0.5710932D+01      -0.2625558D+02
   2       0.1516116D+01      -0.6524680D+01
   2       0.4925250D+00      -0.4606047D+00
   5
   0       0.3377720D+02       0.2927841D+01
   1       0.1001200D+02       0.3434837D+02
   2       0.3235139D+01       0.3558277D+02
   2       0.6672350D+00       0.1768221D+02
   2       0.5518063D+00      -0.6231774D+01
   4
   0       0.2789750D+02       0.1968367D+01
   1       0.8267694D+01       0.3037753D+02
   2       0.2277622D+01       0.2555096D+02
   2       0.5624478D+00       0.7741485D+01
   6
   0       0.5094915D+02       0.2981149D+01
   1       0.4393951D+02       0.2130373D+02
   2       0.1692186D+02       0.1364686D+03
   2       0.2421556D+01       0.3667961D+02
   2       0.1963705D+01      -0.1821983D+02
   2       0.3327274D+00      -0.2024621D+00
$*********************************************************************
$ Technetium atom
$ ncore=36
$ Hay and Wadt, JCP 82, 270 (1985)
$*********************************************************************
A 43
ECP 36 4 0
   7
   0       0.3037613D+03      -0.4921150D-01
   1       0.8224868D+02      -0.2487470D+02
   2       0.2487083D+02      -0.9434256D+02
   2       0.1326185D+02      -0.1925414D+02
   2       0.5621743D+01      -0.2358048D+02
   2       0.1585295D+01      -0.6306015D+01
   2       0.4794448D+00      -0.3784024D+00
   5
   0       0.3867198D+02       0.2924271D+01
   1       0.1178923D+02       0.3326842D+02
   2       0.3991588D+01       0.3831544D+02
   2       0.7222026D+00       0.2254610D+02
   2       0.5932238D+00      -0.9046826D+01
   4
   0       0.3282414D+02       0.1966825D+01
   1       0.9735261D+01       0.2937374D+02
   2       0.2812685D+01       0.2586222D+02
   2       0.6071612D+00       0.8425482D+01
   6
   0       0.6061615D+02       0.2980237D+01
   1       0.6609960D+02       0.2004973D+02
   2       0.2267405D+02       0.1840270D+03
   2       0.2539204D+01       0.5216218D+02
   2       0.2136335D+01      -0.3062379D+02
   2       0.3435637D+00      -0.1767003D+00
$*********************************************************************
$ Ruthenium atom
$ ncore=36
$ Hay and Wadt, JCP 82, 270 (1985)
$*********************************************************************
A 44
ECP 36 4 0
   7
   0       0.2392061D+03      -0.5152700D-01
   1       0.7770817D+02      -0.2421120D+02
   2       0.2417922D+02      -0.9013249D+02
   2       0.1290118D+02      -0.1874121D+02
   2       0.5516583D+01      -0.2133519D+02
   2       0.1635577D+01      -0.5999656D+01
   2       0.4519993D+00      -0.2994102D+00
   5
   0       0.4012767D+02       0.2920609D+01
   1       0.1217503D+02       0.3474731D+02
   2       0.4029019D+01       0.4169891D+02
   2       0.7120459D+00       0.2980342D+02
   2       0.6306855D+00      -0.1693401D+02
   4
   0       0.3267935D+02       0.1965246D+01
   1       0.9745286D+01       0.3049355D+02
   2       0.2743432D+01       0.2804469D+02
   2       0.6652098D+00       0.9007943D+01
   6
   0       0.5766896D+02       0.2979303D+01
   1       0.6237382D+02       0.2061591D+02
   2       0.2199249D+02       0.1758361D+03
   2       0.2813609D+01       0.6418340D+02
   2       0.2428734D+01      -0.4019876D+02
   2       0.3765219D+00      -0.1880375D+00
$*********************************************************************
$ Rhodium atom
$ ncore=36
$ Hay and Wadt, JCP 82, 270 (1985)
$*********************************************************************
A 45
ECP 36 4 0
   7
   0       0.3173060D+03      -0.5389580D-01
   1       0.7769597D+02      -0.2393077D+02
   2       0.2474898D+02      -0.8989694D+02
   2       0.1201374D+02      -0.2117244D+02
   2       0.5209606D+01      -0.1830527D+02
   2       0.1623600D+01      -0.5408185D+01
   2       0.3788652D+00      -0.1924897D+00
   5
   0       0.3983403D+02       0.2916852D+01
   1       0.1223876D+02       0.3568323D+02
   2       0.4024022D+01       0.4321078D+02
   2       0.7718550D+00       0.4277797D+02
   2       0.7129208D+00      -0.2888144D+02
   4
   0       0.3315635D+02       0.1963628D+01
   1       0.9960334D+01       0.3206016D+02
   2       0.2787348D+01       0.3147808D+02
   2       0.7239474D+00       0.9587751D+01
   6
   0       0.5832098D+02       0.2978348D+01
   1       0.5626078D+02       0.2140674D+02
   2       0.2145713D+02       0.1679848D+03
   2       0.3069082D+01       0.8161171D+02
   2       0.2722080D+01      -0.5534837D+02
   2       0.4010151D+00      -0.1868933D+00
$*********************************************************************
$ Paladium atom
$ ncore=36
$ Hay and Wadt, JCP 82, 270 (1985)
$*********************************************************************
A 46
ECP 36 4 0
   7
   0       0.3031163D+03      -0.5631770D-01
   1       0.7750667D+02      -0.2387454D+02
   2       0.2451302D+02      -0.8952882D+02
   2       0.1219443D+02      -0.1923446D+02
   2       0.5139157D+01      -0.1792349D+02
   2       0.1645575D+01      -0.4854974D+01
   2       0.3689377D+00      -0.1739145D+00
   5
   0       0.3984099D+02       0.2913000D+01
   1       0.1248790D+02       0.3676728D+02
   2       0.4113506D+01       0.4578543D+02
   2       0.8433201D+00       0.5988264D+02
   2       0.7989471D+00      -0.4485255D+02
   4
   0       0.3403325D+02       0.1961973D+01
   1       0.1018001D+02       0.3394420D+02
   2       0.2874085D+01       0.3490559D+02
   2       0.7811346D+00       0.1010299D+02
   6
   0       0.7375373D+02       0.2977371D+01
   1       0.8842015D+02       0.2023859D+02
   2       0.2949351D+02       0.2324897D+03
   2       0.3231549D+01       0.9298492D+02
   2       0.2840212D+01      -0.6292154D+02
   2       0.4241456D+00      -0.1583761D+00
$*********************************************************************
$ Silver atom
$ ncore=36
$ Hay and Wadt, JCP 82, 270 (1985)
$*********************************************************************
A 47
ECP 36 4 0
   6
   0       0.2317132D+01      -0.5879300D-01
   1       0.7335243D+02      -0.2325623D+02
   2       0.2171879D+02      -0.9232727D+02
   2       0.5996826D+01      -0.2043741D+02
   2       0.2125860D+01      -0.5551995D+01
   2       0.7019195D+00      -0.6687210D+00
   5
   0       0.3657260D+02       0.2909054D+01
   1       0.1107106D+02       0.3740682D+02
   2       0.2669780D+01       0.1135661D+03
   2       0.1953768D+01      -0.1422229D+03
   2       0.1489012D+01       0.8197752D+02
   5
   0       0.5662911D+01       0.1960279D+01
   1       0.4233033D+02       0.2986585D+02
   2       0.1270532D+02       0.8579990D+02
   2       0.2938302D+01       0.3283233D+02
   2       0.7751946D+00       0.8566948D+01
   6
   0       0.6377012D+02       0.2976371D+01
   1       0.4736072D+02       0.2411100D+02
   2       0.2080763D+02       0.1536080D+03
   2       0.3744007D+01       0.7717732D+02
   2       0.3214403D+01      -0.4619050D+02
   2       0.4838792D+00      -0.1981531D+00
$*********************************************************************
$ Cadmium atom
$ ncore=36
$ Hay and Wadt, JCP 82, 270 (1985)
$*********************************************************************
A 48
ECP 36 4 0
   7
   0       0.3500762D+03      -0.6132140D-01
   1       0.8117578D+02      -0.2493556D+02
   2       0.2477478D+02      -0.8777288D+02
   2       0.1257603D+02      -0.1906650D+02
   2       0.4988971D+01      -0.1619013D+02
   2       0.1844991D+01      -0.3944125D+01
   2       0.5309494D+00      -0.3097476D+00
   5
   0       0.5457862D+02       0.2905010D+01
   1       0.1600823D+02       0.3962892D+02
   2       0.5276746D+01       0.5744358D+02
   2       0.9731070D+00       0.9023512D+02
   2       0.9305646D+00      -0.7171392D+02
   4
   0       0.4135818D+02       0.1958546D+01
   1       0.1212150D+02       0.3756698D+02
   2       0.3447881D+01       0.4408751D+02
   2       0.9362175D+00       0.1256786D+02
   6
   0       0.8537105D+02       0.2975350D+01
   1       0.7305008D+02       0.2470544D+02
   2       0.2842629D+02       0.2182163D+03
   2       0.3945016D+01       0.1189945D+03
   2       0.3534938D+01      -0.8249997D+02
   2       0.6482194D+00      -0.2413758D+00
$*********************************************************************
