$*********************************************************************
$                                                                    *
$             Relativistic Effective Core Potentials                 *
$                                                                    *
$*********************************************************************
$ Hafnium atom
$ ncore=60
$ Hay and Wadt, JCP 82, 299(1985)
$*********************************************************************
A 72
ECP 60 5 0
   6
   1       0.6855503D+03      -0.6000000D+02
   2       0.1518080D+03      -0.5884981D+03
   2       0.3805221D+02      -0.1997749D+03
   2       0.1020575D+02      -0.7723651D+02
   2       0.3437629D+01      -0.1465326D+02
   2       0.8997539D+00      -0.6762204D+00
   7  
   0       0.3801097D+03       0.3000000D+01
   1       0.7246235D+03       0.3133955D+02
   2       0.2814765D+03       0.1251687D+04
   2       0.8935910D+02       0.7008900D+03
   2       0.2297658D+02       0.2660446D+03
   2       0.3670003D+01       0.4650196D+03
   2       0.3470300D+01      -0.3695405D+03
   5
   0       0.2283136D+03       0.2000000D+01
   1       0.6408784D+02       0.6027770D+02
   2       0.2051393D+02       0.1922175D+03
   2       0.3164374D+01       0.3396460D+03
   2       0.2988092D+01      -0.2661067D+03
   5       
   0       0.1437102D+03       0.3000000D+01
   1       0.6318592D+02       0.5465768D+02
   2       0.3202274D+02       0.2175811D+03
   2       0.1076749D+02       0.1251363D+03
   2       0.3100326D+01       0.3762032D+02
   5       
   0       0.8503959D+02       0.4000000D+01
   1       0.4181988D+02       0.4963584D+02
   2       0.1965250D+02       0.1784657D+03
   2       0.6077712D+01       0.8200772D+02
   2       0.1477669D+01       0.6306394D+01
$*********************************************************************
$ Tantalum atom
$ ncore=60
$ Hay and Wadt, JCP 82, 299(1985)
$*********************************************************************
A 73
ECP 60 5 0
   6
   1       0.7682268D+03      -0.6000000D+02
   2       0.1735940D+03      -0.6297129D+03
   2       0.4370423D+02      -0.2211751D+03
   2       0.1161813D+02      -0.8347697D+02
   2       0.4031462D+01      -0.1783703D+02
   2       0.1090538D+01      -0.8160609D+00
   7
   0       0.3654112D+03       0.3000000D+01
   1       0.6971301D+03       0.3397990D+02
   2       0.2717810D+03       0.1242578D+04
   2       0.8730743D+02       0.7061664D+03
   2       0.2274923D+02       0.2762465D+03
   2       0.3868008D+01       0.5132283D+03
   2       0.3671889D+01      -0.4129602D+03
   5       
   0       0.2282107D+03       0.2000000D+01
   1       0.6261855D+02       0.6181742D+02
   2       0.1964657D+02       0.1944975D+03
   2       0.3365156D+01       0.3078347D+03
   2       0.3149724D+01      -0.2306346D+03
   5
   0       0.1512756D+03       0.3000000D+01
   1       0.6797949D+02       0.5526710D+02
   2       0.3474747D+02       0.2362958D+03
   2       0.1156564D+02       0.1344755D+03
   2       0.3293015D+01       0.4114012D+02
   5
   0       0.8283680D+02       0.4000000D+01
   1       0.3807199D+02       0.5075338D+02
   2       0.1745470D+02       0.1620313D+03
   2       0.5678593D+01       0.7206193D+02
   2       0.1581404D+01       0.6000990D+01
$*********************************************************************
$ Tungsten atom
$ ncore=60
$ Hay and Wadt, JCP 82, 299(1985)
$*********************************************************************
A 74
ECP 60 5 0
   6
   1       0.8394489D+03      -0.6000000D+02
   2       0.1928532D+03      -0.6641988D+03
   2       0.4866520D+02      -0.2386144D+03
   2       0.1292217D+02      -0.8841924D+02
   2       0.4574889D+01      -0.2060623D+02
   2       0.1268180D+01      -0.9283790D+00
   7  
   0       0.3134268D+03       0.3000000D+01
   1       0.6993155D+03       0.3911930D+02
   2       0.2598924D+03       0.1180969D+04
   2       0.8550000D+02       0.7289564D+03
   2       0.2276359D+02       0.2935591D+03
   2       0.4076432D+01       0.5626731D+03
   2       0.3882716D+01      -0.4573807D+03
   5
   0       0.2243926D+03       0.2000000D+01
   1       0.6167369D+02       0.6389484D+02
   2       0.1914690D+02       0.2058902D+03
   2       0.3556571D+01       0.3121427D+03
   2       0.3326321D+01      -0.2313961D+03
   5       
   0       0.1615279D+03       0.3000000D+01
   1       0.7558146D+02       0.5533153D+02
   2       0.3891159D+02       0.2671977D+03
   2       0.1254263D+02       0.1468486D+03
   2       0.3461519D+01       0.4410552D+02
   5       
   0       0.9121027D+02       0.4000000D+01
   1       0.4541528D+02       0.5030655D+02
   2       0.2204530D+02       0.1907363D+03
   2       0.6981041D+01       0.9176056D+02
   2       0.1838048D+01       0.8424731D+01
$*********************************************************************
$ Rhenium atom
$ ncore=60
$ Hay and Wadt, JCP 82, 299(1985)
$*********************************************************************
A 75
ECP 60 5 0
   6
   1       0.1833814D+04      -0.1497104D+00
   2       0.4140589D+03      -0.1669256D+04
   2       0.5903495D+02      -0.3466661D+03
   2       0.1191771D+02      -0.9666849D+02
   2       0.3653176D+01      -0.1107386D+02
   2       0.1276418D+01      -0.5798552D+00
   7  
   0       0.2470023D+03       0.3149710D+01
   1       0.6317196D+03       0.4529700D+02
   2       0.2492800D+03       0.1116428D+04
   2       0.8429473D+02       0.7936419D+03
   2       0.2304079D+02       0.3182099D+03
   2       0.4299711D+01       0.5863105D+03
   2       0.4097439D+01      -0.4756904D+03
   5
   0       0.1936898D+03       0.2149710D+01
   1       0.5693084D+02       0.6422957D+02
   2       0.1872276D+02       0.2188505D+03
   2       0.3734002D+01       0.3444189D+03
   2       0.3512748D+01      -0.2604727D+03
   5       
   0       0.1262341D+03       0.3149710D+01
   1       0.8070908D+02       0.4657149D+02
   2       0.4255297D+02       0.3043835D+03
   2       0.1340745D+02       0.1571590D+03
   2       0.3690423D+01       0.4857012D+02
   5       
   0       0.1127786D+03       0.3956961D+01
   1       0.5678160D+02       0.5235868D+02
   2       0.2858320D+02       0.2360341D+03
   2       0.8573416D+01       0.1165787D+03
   2       0.2089272D+01       0.1110505D+02
$*********************************************************************
$ Osmium atom
$ ncore=60
$ Hay and Wadt, JCP 82, 299(1985)
$*********************************************************************
A 76
ECP 60 5 0
   5
   1       0.8488743D+03      -0.1537293D+00
   2       0.4004640D+03      -0.1642970D+04
   2       0.5803595D+02      -0.3367955D+03
   2       0.1204547D+02      -0.9498390D+02
   2       0.3444251D+01      -0.1035162D+02
   6
   0       0.2162672D+03       0.3153729D+01
   1       0.3438582D+03       0.2599482D+02
   2       0.1360524D+03       0.8594866D+03
   2       0.3503895D+02       0.3801377D+03
   2       0.4472445D+01       0.2427011D+03
   2       0.3767512D+01      -0.1251753D+03
   5
   0       0.3260600D+03       0.2153729D+01
   1       0.9563302D+02       0.6286843D+02
   2       0.3252610D+02       0.2931323D+03
   2       0.3769973D+01       0.2644648D+03
   2       0.3389586D+01      -0.1726420D+03
   5       
   0       0.1310320D+03       0.3153729D+01
   1       0.8924649D+02       0.4533992D+02
   2       0.4639770D+02       0.3358575D+03
   2       0.1418661D+02       0.1663037D+03
   2       0.3766884D+01       0.4902378D+02
   5       
   0       0.1347368D+03       0.3955798D+01
   1       0.7387713D+02       0.5195220D+02
   2       0.3810304D+02       0.3142556D+03
   2       0.1053377D+02       0.1471840D+03
   2       0.2333825D+01       0.1396229D+02
$*********************************************************************
$ Iridium atom
$ ncore=60
$ Hay and Wadt, JCP 82, 299(1985)
$*********************************************************************
A 77
ECP 60 5 0
   5
   1       0.8235880D+03      -0.1578014D+00
   2       0.3646613D+03      -0.1517527D+04
   2       0.5570828D+02      -0.3165307D+03
   2       0.1204645D+02      -0.9188809D+02
   2       0.3512061D+01      -0.9224177D+01
   6
   0       0.1880491D+03       0.3157801D+01
   1       0.3404195D+03       0.2683226D+02
   2       0.1282374D+03       0.8004250D+03
   2       0.3386450D+02       0.3694051D+03
   2       0.4756000D+01       0.2424172D+03
   2       0.3964997D+01      -0.1182173D+03
   5
   0       0.2897291D+03       0.2157801D+01
   1       0.8746338D+02       0.6196786D+02
   2       0.3043638D+02       0.2690582D+03
   2       0.4055341D+01       0.2311655D+03
   2       0.3552534D+01      -0.1336953D+03
   5
   0       0.1364017D+03       0.3157801D+01
   1       0.9507769D+02       0.4593498D+02
   2       0.4922584D+02       0.3590345D+03
   2       0.1508741D+02       0.1764740D+03
   2       0.4040576D+01       0.5451553D+02
   5
   0       0.1273508D+03       0.3954620D+01
   1       0.6623644D+02       0.5297737D+02
   2       0.3442992D+02       0.2748643D+03
   2       0.1019957D+02       0.1372047D+03
   2       0.2540970D+01       0.1486333D+02
$*********************************************************************
$ Platinum atom
$ ncore=60
$ Hay and Wadt, JCP 82, 299(1985)
$*********************************************************************
A 78
ECP 60 5 0
   5
   1       0.7289394D+03      -0.1619268D+00
   2       0.3206568D+03      -0.1320287D+04
   2       0.5286802D+02      -0.2983178D+03
   2       0.1202801D+02      -0.8758371D+02
   2       0.3523891D+01      -0.8149327D+01
   6       
   0       0.4094437D+03       0.2733422D+01
   1       0.2745419D+03       0.5970243D+02
   2       0.1275659D+03       0.8914590D+03
   2       0.3290366D+02       0.3684468D+03
   2       0.5059388D+01       0.2380263D+03
   2       0.4150656D+01      -0.1070556D+03
   4       
   0       0.4661729D+03       0.1887857D+01
   1       0.1207888D+03       0.7601386D+02
   2       0.3641188D+02       0.3435511D+03
   2       0.5698541D+01       0.1194912D+03
   5       
   0       0.2495651D+03       0.2934368D+01
   1       0.1266679D+03       0.5933066D+02
   2       0.6314306D+02       0.4524445D+03
   2       0.1790595D+02       0.2104769D+03
   2       0.4223937D+01       0.5862541D+02
   5       
   0       0.1218159D+03       0.3953425D+01
   1       0.6087570D+02       0.5385552D+02
   2       0.3147671D+02       0.2474305D+03
   2       0.9881175D+01       0.1278188D+03
   2       0.2731987D+01       0.1537720D+02
$*********************************************************************
$ Gold atom
$ ncore=60
$ Hay and Wadt, JCP 82, 299(1985)
$*********************************************************************
A 79
ECP 60 5 0
   5
   1       0.6226288D+03      -0.6000000D+02
   2       0.1362844D+03      -0.5555292D+03
   2       0.3315498D+02      -0.1680020D+03
   2       0.9989489D+01      -0.6303999D+02
   2       0.3048131D+01      -0.4251668D+01
   6
   0       0.1947374D+03       0.3000000D+01
   1       0.3515327D+03       0.3860209D+02
   2       0.1223270D+03       0.8648371D+03
   2       0.3209146D+02       0.3749936D+03
   2       0.5245181D+01       0.2897910D+03
   2       0.4491622D+01      -0.1524533D+03
   4
   0       0.4206159D+03       0.2000000D+01
   1       0.1094418D+03       0.7388856D+02
   2       0.3417143D+02       0.3266730D+03
   2       0.5987975D+01       0.1265815D+03
   5
   0       0.2192666D+03       0.3000000D+01
   1       0.1227298D+03       0.5567931D+02
   2       0.6310634D+02       0.4491987D+03
   2       0.1836845D+02       0.2150269D+03
   2       0.4497284D+01       0.6408410D+02
   5
   0       0.1085506D+03       0.4000000D+01
   1       0.5647955D+02       0.5180653D+02
   2       0.2920692D+02       0.2312183D+03
   2       0.9544054D+01       0.1190047D+03
   2       0.2896512D+01       0.1534242D+02
$*********************************************************************
