$*********************************************************************
$                                                                    *
$             Relativistic Effective Core Potentials                 *
$                                                                    *
$*********************************************************************
$*********************************************************************
$ Gallium atom
$ ncore=28 
$ Hay and Wadt, JCP 82, 284 (1985)
$*********************************************************************
A 31
ECP 28 4 0
  5
  1  260.9051184   -28.0000000
  2   50.4244564  -161.6248634
  2   10.7195520   -49.2659751
  2    3.1563995   -16.9305942
  2    0.9502385    -1.5149893
  5
  0  339.0575995     3.0000000
  1   95.9625227    93.8597449
  2   30.0989360   308.6495485
  2    7.8907039    94.7290607
  2    2.1154234    27.0931066
  5
  0   30.1202708     5.0000000
  1   14.6143825    22.8495315
  2   12.4639433    43.3974907
  2    5.1039219    48.6203923
  2    1.6566033    14.7365483
  5
  0   32.2704306     3.0000000
  1   10.9444004    24.2994834
  2    4.5111791    35.4415813
  2    1.5561710     9.1055575
  2    0.5550926     0.9601121
$*********************************************************************
$ Germanium atom
$ ncore=28
$ Hay and Wadt, JCP 82, 284 (1985)
$*********************************************************************
A 32
ECP 28 4 0
  5
  1  318.2167583   -28.0000000
  2   61.5370967  -180.9891676
  2   13.2986899   -55.0043909
  2    3.8985215   -19.7906526
  2    1.2137666    -1.8533572
  5
  0  205.1886932     3.0000000
  1   68.9790278    65.2262558
  2   27.9194879   225.2354522
  2    8.5481650    94.0125472
  2    2.3173734    29.9415005
  5
  0   33.2488002     5.0000000
  1   15.7777247    23.4778157
  2   14.9260722    45.0980414
  2    5.8416394    56.3326957
  2    1.8349575    16.6058640
  5
  0   42.0206343     3.0000000
  1   19.2096363    23.7371518
  2    9.4133917    56.4792249
  2    3.3282907    25.8901835
  2    0.8522331     3.0229836
$*********************************************************************
$ Arsenic atom
$ ncore=28
$ Hay and Wadt, JCP 82, 284 (1985)
$*********************************************************************
A 33
ECP 28 4 0
  5
  1  375.4748803   -28.0000000
  2   72.6554769  -198.3687357
  2   15.9162677   -60.4563798
  2    4.6420251   -22.3188274
  2    1.4789182    -2.1638290
  5
  0  105.8853870     3.0000000
  1   62.5951846    31.8486777
  2   34.5017431   200.9958215
  2   10.3758594   102.6387604
  2    2.5379347    34.1845359
  5
  0       0.3764714D+02       0.5000000D+01
  1       0.1720347D+02       0.2425057D+02
  2       0.1890757D+02       0.4891750D+02
  2       0.6815345D+01       0.6653323D+02
  2       0.2061185D+01       0.1965777D+02
  5
  0       0.5207313D+02       0.3000000D+01
  1       0.2800378D+02       0.2334607D+02
  2       0.1470512D+02       0.8078549D+02
  2       0.4797319D+01       0.4026813D+02
  2       0.1106276D+01       0.4833279D+01
$*********************************************************************
$ Selenium atom
$ ncore=28
$ Hay and Wadt, JCP 82, 284 (1985)
$*********************************************************************
A 34
ECP 28 4 0
  5
  1  433.1931336   -28.0000000
  2   83.8952157  -214.3841762
  2   18.5839139   -65.6918782
  2    5.3955286   -24.6153932
  2    1.7474326    -2.4481497
  5
  0  202.8986193     3.0000000
  1   78.3820487    62.0295390
  2   35.0753037   258.8555984
  2   10.8769543   118.7800153
  2    2.8005941    38.2355279
  5
  0   44.3011875     5.0000000
  1   20.3874206    24.7973458
  2   23.1889948    63.7575640
  2    7.9777664    79.0512831
  2    2.2988146    22.9520183
  5
  0   73.3628263     3.0000000
  1   48.3835618    22.4705907
  2   25.6297211   140.5492887
  2    7.1705822    63.5781835
  2    1.3639538     7.0753614
$*********************************************************************
$ Bromine atom
$ ncore=28
$ Hay and Wadt, JCP 82, 284 (1985)
$*********************************************************************
A 35
ECP 28 4 0
  4
  1  213.6143969   -28.0000000
  2   41.0585380  -134.9268852
  2    8.7086530   -41.9271913
  2    2.6074661    -5.9336420
  4
  0   54.1980682     3.0000000
  1   32.9053558    27.3430642
  2   13.6744890   118.8028847
  2    3.0341152    43.4354876
  5
  0   54.2563340     5.0000000
  1   26.0095593    25.0504252
  2   28.2012995    92.6157463
  2    9.4341061    95.8249016
  2    2.5321764    26.2684983
  5
  0   87.6328721     3.0000000
  1   61.7373377    22.5533557
  2   32.4385104   178.1241988
  2    8.7537199    76.9924162
  2    1.6633189     9.4818270
$*********************************************************************
$ Krypton
$ ncore=28
$ Hay and Wadt, JCP 82, 284 (1985)
$*********************************************************************
A 36
ECP 28 4 0
  4
  1  237.5470853   -28.0000000
  2   45.7406754  -143.4259955
  2    9.7073237   -44.3723838
  2    2.9320738    -6.2911252
  4
  0   70.7606918     3.0000000
  1   33.6809745    37.1893647
  2   13.8075281   132.2973958
  2    3.3188254    47.9346985
  5
  0   57.7676804     5.0000000
  1   27.6779453    26.1564008
  2   30.4757449    96.3176501
  2   10.3642639   103.6632794
  2    2.8470827    31.0779315
  5
  0   85.3902277     3.0000000
  1   36.0781993    24.4356537
  2   38.0387668    85.7229402
  2   10.6069882    91.6970578
  2    1.9390148    11.8300709
$*********************************************************************
$ Rubidium atom
$ ncore=28
$ Hay and Wadt, JCP 82, 284 (1985)
$*********************************************************************
A 37
ECP 28 4 0
   5
   0       0.8795984D+03      -0.3643620D-01
   1       0.1420189D+03      -0.2080331D+02
   2       0.4093469D+02      -0.1154662D+03
   2       0.9908480D+01      -0.4250613D+02
   2       0.3155604D+01      -0.5524789D+01
   4
   0       0.7098072D+02       0.2974791D+01
   1       0.3869498D+02       0.3611704D+02
   2       0.1590820D+02       0.1522741D+03
   2       0.3715266D+01       0.5371519D+02
   5
   0       0.9330587D+02       0.4955103D+01
   1       0.4712214D+02       0.2427262D+02
   2       0.4880506D+02       0.2152341D+03
   2       0.1437849D+02       0.1516688D+03
   2       0.3054781D+01       0.3387503D+02
   4
   0       0.3304774D+02       0.3046522D+01
   1       0.9960188D+01       0.2942436D+02
   2       0.3740358D+01       0.3344318D+02
   2       0.8124208D+00       0.1110295D+02
$*********************************************************************
$ Strontium atom
$ ncore=28
$ Hay and Wadt, JCP 82, 284 (1985)
$*********************************************************************
A 38
ECP 28 4 0
   5
   0       0.7823805D+03      -0.3843230D-01
   1       0.1246542D+03      -0.2061743D+02
   2       0.3698750D+02      -0.1011738D+03
   2       0.9882882D+01      -0.3877436D+02
   2       0.3282959D+01      -0.4647924D+01
   4
   0       0.5932406D+02       0.2998902D+01
   1       0.5520385D+02       0.2565527D+02
   2       0.2046921D+02       0.1831819D+03
   2       0.3958814D+01       0.5843847D+02
   5
   0       0.9212020D+02       0.4955119D+01
   1       0.4681326D+02       0.2544724D+02
   2       0.4865664D+02       0.2038003D+03
   2       0.1495032D+02       0.1550519D+03
   2       0.3426878D+01       0.3936052D+02
   5
   0       0.6582913D+02       0.3005645D+01
   1       0.3272826D+02       0.2670641D+02
   2       0.2111460D+02       0.7457569D+02
   2       0.9107129D+01       0.6317421D+02
   2       0.2811075D+01       0.2029612D+02
$*********************************************************************
$ Yttrium atom
$ ncore=28
$ Hay and Wadt, JCP 82, 299 (1985)
$*********************************************************************
A 39
ECP 28 4 0
   5
   0       0.5784310D+03      -0.4048170D-01
   1       0.1527792D+03      -0.2061943D+02
   2       0.4493015D+02      -0.1167522D+03
   2       0.1145879D+02      -0.4379758D+02
   2       0.3752327D+01      -0.5424761D+01
   4
   0       0.5947151D+02       0.2980134D+01
   1       0.1721736D+02       0.3478347D+02
   2       0.1847971D+02       0.2884532D+02
   2       0.4327619D+01       0.6476421D+02
   4
   0       0.4572710D+02       0.4988578D+01
   1       0.4945959D+02       0.1965066D+02
   2       0.1899524D+02       0.1940943D+03
   2       0.3660319D+01       0.4313498D+02
   5
   0       0.6282684D+02       0.3006665D+01
   1       0.3188979D+02       0.2598793D+02
   2       0.1836466D+02       0.8571729D+02
   2       0.7306240D+01       0.4877926D+02
   2       0.2405164D+01       0.1145351D+02
$*********************************************************************
$ Zirconium atom
$ ncore=28
$ Hay and Wadt, JCP 82, 299 (1985)
$*********************************************************************
A 40
ECP 28 4 0
   5
   0       0.6459322D+03      -0.4258430D-01
   1       0.1347547D+03      -0.2022224D+02
   2       0.4230746D+02      -0.1018695D+03
   2       0.1200032D+02      -0.4161958D+02
   2       0.4126045D+01      -0.4698616D+01
   3
   0       0.1176252D+03       0.2791056D+01
   1       0.2296461D+02       0.4194895D+02
   2       0.4522530D+01       0.6772719D+02
   4
   0       0.4719531D+02       0.4991114D+01
   1       0.4803560D+02       0.2071932D+02
   2       0.1945415D+02       0.1955868D+03
   2       0.4051287D+01       0.4828772D+02
   5
   0       0.7990740D+02       0.3004923D+01
   1       0.4582638D+02       0.2593780D+02
   2       0.2699035D+02       0.1251245D+03
   2       0.9683572D+01       0.7076340D+02
   2       0.2799567D+01       0.1504928D+02
$*********************************************************************
$ Niobium atom
$ ncore=28
$ Hay and Wadt, JCP 82, 299 (1985)
$*********************************************************************
A 41
ECP 28 4 0
   5
   0       0.3429638D+03      -0.4474010D-01
   1       0.1399308D+03      -0.2005351D+02
   2       0.4335234D+02      -0.1037244D+03
   2       0.1244485D+02      -0.4104592D+02
   2       0.4320484D+01      -0.4204622D+01
   3
   0       0.1128631D+03       0.2796467D+01
   1       0.2296787D+02       0.4288458D+02
   2       0.4934067D+01       0.7518770D+02
   4
   0       0.6368020D+02       0.4946185D+01
   1       0.2309124D+02       0.2483164D+02
   2       0.2442836D+02       0.1379183D+03
   2       0.4231009D+01       0.5097785D+02
   5
   0       0.9933596D+02       0.3006406D+01
   1       0.6405865D+02       0.2553475D+02
   2       0.3708910D+02       0.1789597D+03
   2       0.1207086D+02       0.9295775D+02
   2       0.3157532D+01       0.1847443D+02
$*********************************************************************
$ Molybdenum atom
$ ncore=28
$ Hay and Wadt, JCP 82, 299 (1985)
$*********************************************************************
A 42
ECP 28 4 0
   5
   0       0.5379668D+03      -0.4694920D-01
   1       0.1478983D+03      -0.2020801D+02
   2       0.4573589D+02      -0.1062116D+03
   2       0.1329115D+02      -0.4181074D+02
   2       0.4705996D+01      -0.4205410D+01
   3
   0       0.1102992D+03       0.2806372D+01
   1       0.2320146D+02       0.4451620D+02
   2       0.5353013D+01       0.8277852D+02
   4
   0       0.6329014D+02       0.4942088D+01
   1       0.2333153D+02       0.2586050D+02
   2       0.2467594D+02       0.1324709D+03
   2       0.4649304D+01       0.5731498D+02
   5
   0       0.1044840D+03       0.3005459D+01
   1       0.6623072D+02       0.2636379D+02
   2       0.3912832D+02       0.1833849D+03
   2       0.1311644D+02       0.9844531D+02
   2       0.3628026D+01       0.2249014D+02
$*********************************************************************
$ Technetium atom
$ ncore=28
$ Hay and Wadt, JCP 82, 299 (1985)
$*********************************************************************
A 43
ECP 28 4 0
   5
   0       0.5011199D+03      -0.4921150D-01
   1       0.1502469D+03      -0.2014673D+02
   2       0.4670979D+02      -0.1055793D+03
   2       0.1393390D+02      -0.4159012D+02
   2       0.4985407D+01      -0.3941511D+01
   3
   0       0.1081776D+03       0.2822237D+01
   1       0.2365944D+02       0.4673307D+02
   2       0.5781498D+01       0.9053187D+02
   4
   0       0.6330620D+02       0.4939078D+01
   1       0.2369355D+02       0.2692296D+02
   2       0.2505259D+02       0.1285080D+03
   2       0.5071708D+01       0.6374903D+02
   5
   0       0.1027721D+03       0.2992190D+01
   1       0.4567138D+02       0.2818214D+02
   2       0.4826120D+02       0.8905485D+02
   2       0.1570891D+02       0.1211894D+03
   2       0.3948458D+01       0.2558670D+02
$*********************************************************************
$ Ruthenium atom
$ ncore=28
$ Hay and Wadt, JCP 82, 299 (1985)
$*********************************************************************
A 44
ECP 28 4 0
   5
   0       0.5543796D+03      -0.5152700D-01
   1       0.1551067D+03      -0.2018165D+02
   2       0.4849763D+02      -0.1059967D+03
   2       0.1477016D+02      -0.4221668D+02
   2       0.5207736D+01      -0.3767502D+01
   5
   0       0.6671181D+02       0.2957834D+01
   1       0.7735036D+02       0.2537487D+02
   2       0.1835714D+02       0.5361262D+03
   2       0.1184047D+02      -0.6512057D+03
   2       0.8117948D+01       0.3813817D+03
   5
   0       0.5499379D+02       0.4965156D+01
   1       0.1393992D+02       0.2388615D+02
   2       0.1521182D+02       0.4644631D+03
   2       0.1054607D+02      -0.7144452D+03
   2       0.7553949D+01       0.3775504D+03
   4
   0       0.6034446D+02       0.3035299D+01
   1       0.4521003D+02       0.2329017D+02
   2       0.1911901D+02       0.1460927D+03
   2       0.4271209D+01       0.2891298D+02
$*********************************************************************
$ Rhodium atom
$ ncore=28
$ Hay and Wadt, JCP 82, 299 (1985)
$*********************************************************************
A 45
ECP 28 4 0
   5
   0       0.6003243D+03      -0.5389580D-01
   1       0.1576910D+03      -0.2013163D+02
   2       0.4988420D+02      -0.1053654D+03
   2       0.1559669D+02      -0.4232744D+02
   2       0.5509930D+01      -0.3665404D+01
   5
   0       0.5934425D+02       0.2975373D+01
   1       0.8374261D+02       0.2512303D+02
   2       0.1845302D+02       0.6260926D+03
   2       0.1241946D+02      -0.8122549D+03
   2       0.8817291D+01       0.4673729D+03
   5
   0       0.5343091D+02       0.4953721D+01
   1       0.6566718D+02       0.2048711D+02
   2       0.1683699D+02       0.5980120D+03
   2       0.1130421D+02      -0.7184059D+03
   2       0.8031244D+01       0.3828173D+03
   4
   0       0.6439937D+02       0.3027953D+01
   1       0.4346251D+02       0.2475265D+02
   2       0.1940203D+02       0.1426844D+03
   2       0.4687933D+01       0.3214069D+02
$*********************************************************************
$ Paladium atom
$ ncore=28
$ Hay and Wadt, JCP 82, 299 (1985)
$*********************************************************************
A 46
ECP 28 4 0
   5
   0       0.5983336D+03      -0.5631770D-01
   1       0.1624298D+03      -0.2012880D+02
   2       0.5157148D+02      -0.1058198D+03
   2       0.1648883D+02      -0.4257333D+02
   2       0.5828766D+01      -0.3616509D+01
   5
   0       0.7338063D+02       0.3000365D+01
   1       0.1475504D+02       0.3243501D+02
   2       0.1783502D+02       0.4590830D+03
   2       0.1271115D+02      -0.8680629D+03
   2       0.9329206D+01       0.5144726D+03
   5
   0       0.5566899D+02       0.4959310D+01
   1       0.6423378D+02       0.2117110D+02
   2       0.1762550D+02       0.6050560D+03
   2       0.1190582D+02      -0.7269642D+03
   2       0.8510083D+01       0.3963275D+03
   5
   0       0.4999947D+02       0.3050874D+01
   1       0.3974775D+02       0.2225066D+02
   2       0.1143214D+02       0.6748358D+03
   2       0.9179008D+01      -0.1040855D+04
   2       0.7562443D+01       0.5059375D+03
$*********************************************************************
$ Silver atom
$ ncore=28
$ Hay and Wadt, JCP 82, 299 (1985)
$*********************************************************************
A 47
ECP 28 4 0
   5
   0       0.5687006D+03      -0.5879300D-01
   1       0.1623579D+03      -0.2011451D+02
   2       0.5110258D+02      -0.1042733D+03
   2       0.1692058D+02      -0.4045398D+02
   2       0.6166960D+01      -0.3442001D+01
   5
   0       0.7609747D+02       0.2986153D+01
   1       0.1533274D+02       0.3515765D+02
   2       0.1877153D+02       0.4501810D+03
   2       0.1336633D+02      -0.8660248D+03
   2       0.9823695D+01       0.5231110D+03
   5
   0       0.5633180D+02       0.4964067D+01
   1       0.6906091D+02       0.2150282D+02
   2       0.1927180D+02       0.5460275D+03
   2       0.1257707D+02      -0.6003823D+03
   2       0.8795667D+01       0.3482949D+03
   5
   0       0.5346411D+02       0.3046749D+01
   1       0.4019755D+02       0.2336567D+02
   2       0.1190861D+02       0.7772540D+03
   2       0.9752818D+01      -0.1238860D+04
   2       0.8178900D+01       0.6080677D+03
$*********************************************************************
