$*********************************************************************
$                                                                    *
$             Relativistic Effective Core Potentials                 *
$                                                                    *
$*********************************************************************
$*********************************************************************
$ Indium atom
$ ncore=46
$ Hay and Wadt, JCP 82, 284 (1985)
$*********************************************************************
A 49
ECP 46 4 0
   5
   0       0.1802071D+00      -0.6390310D-01
   1       0.3301765D+02      -0.2990829D+02
   2       0.9721975D+01      -0.6334468D+02
   2       0.2348158D+01      -0.1900584D+02
   2       0.7226853D+00      -0.2516192D+01
   5
   0       0.1731403D+03       0.3230161D+01
   1       0.5827524D+02       0.7678091D+02
   2       0.2112943D+02       0.2454771D+03
   2       0.5958106D+01       0.7928927D+02
   2       0.1483027D+01       0.2640895D+02
   5
   0       0.3594380D+02       0.4469029D+01
   1       0.1124311D+02       0.4364734D+02
   2       0.3534083D+01       0.5075654D+02
   2       0.1412094D+01      -0.4867300D+02
   2       0.1282895D+01       0.5876927D+02
   5
   0       0.4262768D+02       0.3102077D+01
   1       0.1456493D+02       0.3654451D+02
   2       0.5550538D+01       0.4880418D+02
   2       0.1835149D+01       0.1943624D+02
   2       0.5288122D+00       0.3985565D+01
$*********************************************************************
$ Tin atom
$ ncore=46
$ Hay and Wadt, JCP 82, 284 (1985)
$*********************************************************************
A 50
ECP 46 4 0
   5
   0       0.2169021D+00      -0.6653800D-01
   1       0.3330972D+02      -0.2974694D+02
   2       0.9884683D+01      -0.6183073D+02
   2       0.2501959D+01      -0.1894106D+02
   2       0.7833323D+00      -0.2238498D+01
   5
   0       0.1556062D+03       0.2948278D+01
   1       0.5651455D+02       0.6376147D+02
   2       0.2265836D+02       0.2305277D+03
   2       0.6583708D+01       0.8507133D+02
   2       0.1594770D+01       0.2882156D+02
   5
   0       0.4046667D+02       0.2694195D+01
   1       0.1362184D+02       0.4482711D+02
   2       0.4109269D+01       0.5762234D+02
   2       0.1504614D+01      -0.4468533D+02
   2       0.1364676D+01       0.5713518D+02
   5
   0       0.6019151D+02       0.3025930D+01
   1       0.2049611D+02       0.3953411D+02
   2       0.8443833D+01       0.6846865D+02
   2       0.2610379D+01       0.2911238D+02
   2       0.6501317D+00       0.5842858D+01
$*********************************************************************
$ Antimony atom
$ ncore=46
$ Hay and Wadt, JCP 82, 284 (1985)
$*********************************************************************
A 51
ECP 46 4 0
   6
   0       0.2272724D+03      -0.6922610D-01
   1       0.7714299D+02      -0.3154347D+02
   2       0.2601165D+02      -0.1158407D+03
   2       0.9142116D+01      -0.4202242D+02
   2       0.2928108D+01      -0.2004639D+02
   2       0.9231136D+00      -0.2879603D+01
   5
   0       0.1160011D+03       0.2933130D+01
   1       0.5967551D+02       0.4411048D+02
   2       0.2761358D+02       0.2280198D+03
   2       0.7804508D+01       0.9256102D+02
   2       0.1693442D+01       0.3125372D+02
   5
   0       0.2780508D+02       0.4994737D+01
   1       0.1039297D+02       0.3802239D+02
   2       0.3638107D+01       0.6205207D+02
   2       0.1983968D+01      -0.4954894D+02
   2       0.1554656D+01       0.5136660D+02
   5
   0       0.8321830D+02       0.2973847D+01
   1       0.3030705D+02       0.4164958D+02
   2       0.1320141D+02       0.1045920D+03
   2       0.3696161D+01       0.4231879D+02
   2       0.7711144D+00       0.7941350D+01
$*********************************************************************
$ Tellurium atom
$ ncore=46
$ Hay and Wadt, JCP 82, 284 (1985)
$*********************************************************************
A 52
ECP 46 4 0
   6
   0       0.2850323D+03      -0.7196750D-01
   1       0.7591058D+02      -0.3137408D+02
   2       0.2618279D+02      -0.1129712D+03
   2       0.9063514D+01      -0.4195992D+02
   2       0.2954326D+01      -0.1912740D+02
   2       0.9169942D+00      -0.2291778D+01
   5
   0       0.1883328D+03       0.2928664D+01
   1       0.6863069D+02       0.6896268D+02
   2       0.2744022D+02       0.2769637D+03
   2       0.7883528D+01       0.1044702D+03
   2       0.1844336D+01       0.3483848D+02
   5
   0       0.5408228D+02       0.4973219D+01
   1       0.2854347D+02       0.3889836D+02
   2       0.1686609D+02       0.1373139D+03
   2       0.5524418D+01       0.6973703D+02
   2       0.1462522D+01       0.2274872D+02
   5
   0       0.3453126D+02       0.3154878D+01
   1       0.1126994D+02       0.3311536D+02
   2       0.2270436D+01       0.2103056D+03
   2       0.1776699D+01      -0.3211964D+03
   2       0.1425167D+01       0.1524853D+03
$*********************************************************************
$ Iodine atom
$ ncore=46
$ Hay and Wadt, JCP 82, 284 (1985)
$*********************************************************************
A 53
ECP 46 4 0
   5
   0       0.1071570D+01      -0.7476210D-01
   1       0.4419360D+02      -0.3008112D+02
   2       0.1293676D+02      -0.7537227D+02
   2       0.3195641D+01      -0.2205638D+02
   2       0.8589806D+00      -0.1697958D+01
   5
   0       0.1279203D+03       0.2938004D+01
   1       0.7862115D+02       0.4124713D+02
   2       0.3651462D+02       0.2878680D+03
   2       0.9906568D+01       0.1143759D+03
   2       0.1942009D+01       0.3765477D+02
   5
   0       0.1300353D+02       0.2222263D+01
   1       0.7603314D+02       0.3940908D+02
   2       0.2419617D+02       0.1774075D+03
   2       0.6405343D+01       0.7798895D+02
   2       0.1585179D+01       0.2575476D+02
   5
   0       0.4042781D+02       0.7052436D+01
   1       0.2890844D+02       0.3330416D+02
   2       0.1562689D+02       0.1869454D+03
   2       0.4144286D+01       0.7196884D+02
   2       0.9377235D+00       0.9363066D+01
$*********************************************************************
$ Xenon atom
$ ncore=46
$ Hay and Wadt, JCP 82, 284 (1985)
$*********************************************************************
A 54
ECP 46 4 0
   6
   0       0.4425138D+03      -0.7760990D-01
   1       0.1060006D+03      -0.3243330D+02
   2       0.3261237D+02      -0.1510853D+03
   2       0.9473967D+01      -0.4649776D+02
   2       0.3114720D+01      -0.1780810D+02
   2       0.9194472D+00      -0.1648116D+01
   5
   0       0.1487401D+03       0.2917031D+01
   1       0.7476874D+02       0.5206206D+02
   2       0.3415484D+02       0.2932866D+03
   2       0.9689967D+01       0.1228610D+03
   2       0.2106595D+01       0.4168673D+02
   5
   0       0.8149516D+01       0.2096852D+01
   1       0.1139236D+03       0.3002204D+02
   2       0.3512664D+02       0.1728758D+03
   2       0.8144958D+01       0.6776098D+02
   2       0.1718714D+01       0.2989709D+02
   5
   0       0.4945184D+02       0.7041493D+01
   1       0.3894809D+02       0.3333917D+02
   2       0.2001616D+02       0.2492893D+03
   2       0.5061490D+01       0.8935762D+02
   2       0.1067296D+01       0.1162063D+02
$*********************************************************************
$ Cesium atom
$ ncore=46
$ Hay and Wadt, JCP 82, 284 (1985)
$*********************************************************************
A 55
ECP 46 4 0
   6
   0       0.6367840D+03      -0.8051090D-01
   1       0.1478912D+03      -0.3343114D+02
   2       0.4257249D+02      -0.1939271D+03
   2       0.1124279D+02      -0.5683014D+02
   2       0.3568971D+01      -0.1865050D+02
   2       0.1310746D+01      -0.2541140D+01
   3
   0       0.4086481D+02       0.3049993D+01
   1       0.1093293D+02       0.3796775D+02
   2       0.2229490D+01       0.4523407D+02
   4
   0       0.1188598D+03       0.4640695D+01
   1       0.3068480D+02       0.6203135D+02
   2       0.1017630D+02       0.1295909D+03
   2       0.1827285D+01       0.3151868D+02
   4
   0       0.1600817D+02       0.7305447D+01
   1       0.2648829D+01       0.3327858D+02
   2       0.1455557D+02       0.5312969D+02
   2       0.6703604D+00       0.1621189D+02
$*********************************************************************
$ Barium atom
$ ncore=46
$ Hay and Wadt, JCP 82, 284 (1985)
$*********************************************************************
A 56
ECP 46 4 0
   6
   0       0.6209690D+03      -0.8346520D-01
   1       0.1463649D+03      -0.3332577D+02
   2       0.4232071D+02      -0.1908607D+03
   2       0.1121352D+02      -0.5519842D+02
   2       0.3696389D+01      -0.1802363D+02
   2       0.1316950D+01      -0.2197828D+01
   4
   0       0.1403669D+03       0.2813116D+01
   1       0.3914365D+02       0.5530506D+02
   2       0.1295535D+02       0.1495513D+03
   2       0.2430875D+01       0.5050786D+02
   5
   0       0.9949223D+02       0.4919181D+01
   1       0.6827113D+02       0.3938721D+02
   2       0.3615182D+02       0.3350754D+03
   2       0.1010515D+02       0.1312535D+03
   2       0.2023265D+01       0.3631750D+02
   5
   0       0.9527525D+02       0.2976414D+01
   1       0.3466046D+02       0.4605711D+02
   2       0.1548910D+02       0.1171659D+03
   2       0.5001589D+01       0.5401308D+02
   2       0.1323627D+01       0.1557849D+02
$*********************************************************************
$ Lanthanum
$ ncore=46
$ Hay and Wadt, JCP 82, 284 (1985)
$*********************************************************************
A 57
ECP 46 4 0
   6
   0       0.7409166D+03      -0.8647270D-01
   1       0.1466571D+03      -0.3351688D+02
   2       0.4235854D+02      -0.1890710D+03
   2       0.1116475D+02      -0.5424644D+02
   2       0.3755634D+01      -0.1713513D+02
   2       0.1287183D+01      -0.1809219D+01
   4
   0       0.1256863D+03       0.2889494D+01
   1       0.3757690D+02       0.6195216D+02
   2       0.1269549D+02       0.1648074D+03
   2       0.2627608D+01       0.5569546D+02
   4
   0       0.1791782D+03       0.4597841D+01
   1       0.4261957D+02       0.7167197D+02
   2       0.1341360D+02       0.1758966D+03
   2       0.2095039D+01       0.3791364D+02
   5
   0       0.1047682D+03       0.2970550D+01
   1       0.4019303D+02       0.4652399D+02
   2       0.1850508D+02       0.1374078D+03
   2       0.5805118D+01       0.6349452D+02
   2       0.1458322D+01       0.1809987D+02
$*********************************************************************
