a 92
$ URANIUM      ( 14s 13p 9d 8f 1g ) -> [ 5s 5p 4d 3f 1g ]
$ S-TYPE FUNCTIONS
   14    5    0
   32120.10000000  0.00003900 -0.00003000  0.00001500 -0.00003400  0.00000000
    4835.38000000  0.00028200 -0.00022800  0.00011200 -0.00025900  0.00000000
    1107.94000000  0.00125800 -0.00093000  0.00045000 -0.00106100  0.00000000
     316.11900000  0.00264300 -0.00233200  0.00115500 -0.00265700  0.00000000
      56.09150000  0.04005900 -0.01744900  0.00760200 -0.01736100  0.00000000
      35.10380000 -0.24831200  0.11691900 -0.05184600  0.11136300  0.00000000
      21.98910000  0.65642500 -0.34608200  0.15714900 -0.33421600  0.00000000
      10.30160000 -1.13903000  0.69333300 -0.32307700  0.70871200  0.00000000
       2.73941000  1.03936700 -1.02010100  0.51106000 -1.48450000  0.00000000
       1.43463000  0.37145100 -0.36711200  0.20099400  0.04956800  0.00000000
       0.61068600  0.04386300  0.85601400 -0.59232700  2.78766000  0.00000000
       0.27638100  0.01659200  0.47827700 -0.45856800 -2.13492600  0.00000000
       0.05705200  0.00172800  0.13394900  0.74640800 -0.67740800  0.00000000
       0.02334200  0.00053800  0.06871300  0.44966800  1.09712600  1.00000000
$ P-TYPE FUNCTIONS
   13    5    0
     454.92800000  0.00024000 -0.00015500  0.00004100  0.00013500  0.00000000
     106.32000000  0.00127900 -0.00069000  0.00016000  0.00040700  0.00000000
      25.84910000 -0.01838300  0.00678700 -0.00122500 -0.00153000  0.00000000
      16.16450000  0.19759000 -0.10183900  0.02361900  0.06493400  0.00000000
      10.11100000 -0.49023300  0.29290300 -0.07078400 -0.20720100  0.00000000
       6.32601000  0.02901300 -0.06223100  0.01377900  0.03038500  0.00000000
       3.09382000  0.67499700 -0.47373800  0.12842400  0.44040200  0.00000000
       1.63302000  0.44001000 -0.31240300  0.07414300  0.22929300  0.00000000
       0.79147300  0.07739400  0.36893300 -0.10889800 -0.69741100  0.00000000
       0.38360600  0.02163800  0.61737700 -0.26085800 -0.49874000  0.00000000
       0.17782900  0.00969100  0.25899200 -0.06915500  0.68679700  0.00000000
       0.05572800  0.00043700  0.01854200  0.60807000  0.63386700  0.00000000
       0.02121900 -0.00000600 -0.00169900  0.51786500 -0.02446800  1.00000000
$ D-TYPE FUNCTIONS
    9    4    0
      82.82420000  0.00118000 -0.00048800  0.00118900  0.00000000
      17.65580000  0.02402800 -0.00644800  0.00821900  0.00000000
       9.77259000 -0.10640700  0.03171700 -0.05311200  0.00000000
       3.59511000  0.40578300 -0.15249400  0.26981500  0.00000000
       1.87300000  0.50382400 -0.17763700  0.55125300  0.00000000
       0.91690400  0.21535100  0.05026800 -0.73682500  0.00000000
       0.38475700  0.02267500  0.42168600 -0.62067800  0.00000000
       0.14978000 -0.00062500  0.51077900  0.64165500  0.00000000
       0.05412200  0.00021200  0.22820900  0.32769500  1.00000000
$ F-TYPE FUNCTIONS
    8    3    0
      45.14350000  0.00271400 -0.00331200  0.00000000
      15.50220000  0.01829000 -0.02122300  0.00000000
       5.85944000  0.07735300 -0.10010900  0.00000000
       2.78615000  0.27005600 -0.31128000  0.00000000
       1.34182000  0.37709600 -0.36669700  0.00000000
       0.61845400  0.33401600  0.22457700  0.00000000
       0.26614300  0.20505900  0.54064100  0.00000000
       0.10098200  0.06895700  0.30290800  1.00000000
$ G-TYPE FUNCTIONS
    1    1    0
       0.96100000  1.00000000
