$ Tungsten pseudoponetial, D. Figgen, K.A. Peterson, M. Dolg, H. Stoll, J. Chem. Phys. 130, 164108 (2009).
A 74
ECP 60 6 4
1
 2   1.000000     0.000000
2
 2  13.523218   426.641867  
 2   6.264384    36.800668
4
 2  11.413867    87.002091  
 2  10.329215   174.004370
 2   5.707424     8.870610  
 2   4.828165    17.902438
4
 2   7.430963    49.883655  
 2   8.321990    74.684549
 2   4.609642     6.486227  
 2   3.511507     9.546821
2
 2   3.084639     8.791640  
 2   3.024743    11.658456
2
 2   3.978442    -5.234337  
 2   4.011491    -6.738142
$ spin-orbit
4
 2  11.413867  -174.004182  
 2  10.329215   174.004370
 2   5.707424   -17.741219  
 2   4.828165    17.902438
4
 2   7.430963   -49.883655  
 2   8.321990    49.789700
 2   4.609642    -6.486227  
 2   3.511507     6.364547
2
 2   3.084639    -5.861094  
 2   3.024743     5.829228
2
 2   3.978442     2.617169  
 2   4.011491    -2.695257
$
$ U pseudopotential, M. Dolg and X. Cao, J. Phys. Chem. A 113, 12573 (2009).
A 92
ECP 60 6 3
1 
 2   1.000000       0.000000
4
 2  16.91870874  529.53526911
 2   3.40970576    4.27018845
 2   0.79302733    0.09998874
 2   0.19378381    0.00626781
8
 2  13.16953414  100.93359134
 2  10.60784728  175.95423897
 2   2.69049397   -0.00210787
 2   2.08929800   -0.19041648
 2   0.54050990    0.00494627
 2   0.40482776   -0.01652483
 2   0.11250285    0.00082033
 2   0.09508873   -0.00100028
8
 2   9.06784123   62.85927902
 2   8.53362678   90.20882494
 2   1.63646790   -0.08282418
 2   1.54425719   -0.15307917
 2   0.47961552   -0.00008720
 2   0.41164502    0.00484078
 2   0.13990510   -0.00006136
 2   0.17494682   -0.00240839
8
 2   5.14746012   15.68628229
 2   5.29241394   22.32105345
 2   1.05726701   -0.20689333
 2   0.98063114   -0.08434451
 2   0.48259555    0.06084446
 2   0.55434882    0.00231264
 2   0.23674544   -0.00204069
 2   0.21559852    0.00348388
6
 2  18.83643086  -44.41029420
 2  18.74850924  -53.65339478
 2   6.49279545   -2.55219343
 2   6.57472519   -3.34380088
 2   2.58151924    0.04527524
 2   2.58690949    0.05637947
$ spin-orbit
8
 2  13.16953414 -201.86718267
 2  10.60784728  175.95423897
 2   2.69049397    0.00421574
 2   2.08929800   -0.19041648
 2   0.54050990   -0.00989253
 2   0.40482776   -0.01652483
 2   0.11250285   -0.00164066
 2   0.09508873   -0.00100028
8
 2   9.06784123  -62.85927902
 2   8.53362678   60.13921663
 2   1.63646790    0.08282418
 2   1.54425719   -0.10205278
 2   0.47961552    0.00008720
 2   0.41164502    0.00322718
 2   0.13990510    0.00006136
 2   0.17494682   -0.00160559
8
 2   5.14746012  -10.45752153
 2   5.29241394   11.16052672
 2   1.05726701    0.13792889
 2   0.98063114   -0.04217226
 2   0.48259555   -0.04056298
 2   0.55434882    0.00115632
 2   0.23674544    0.00136046
 2   0.21559852    0.00174194

