*
* K.A. Peterson, J. Chem. Phys. 142, 074105 (2015)
*
* M. Vasiliu, K.A. Peterson, J.K. Gibson, D.A. Dixon, J. Phys. Chem. A 119, 11422 (2015)
*
*
*
* Douglas-Kroll correlation consistent polarized Valence Quadruple-ζ Basis Set for U
*
*  U : ucc-pVQZ-DK3 : ( 37s 34p 24d 15f 5g 3h 1i ) -> [ 11s 10p 8d 6f 5g 3h 1i ]
*
a 92
* s-type functions
H  37   11    0
        5.669747E+07        -1.25896E-03         1.77637E-03        -7.89732E-04
                            -1.22895E-04         1.08988E-04        -4.91447E-05
                             2.20985E-05         4.79459E-05         5.08219E-05
                            -7.98262E-05         0.00000E+00
        1.509369E+07        -1.09255E-03         1.54213E-03        -6.85124E-04
                            -1.06607E-04         9.45463E-05        -4.26327E-05
                             1.91703E-05         4.15933E-05         4.40905E-05
                            -6.92584E-05         0.00000E+00       
        5.164101E+06        -3.16401E-03         4.46134E-03        -1.98624E-03
                            -3.09220E-04         2.74188E-04        -1.23637E-04
                             5.55946E-05         1.20620E-04         1.27851E-04
                            -2.00808E-04         0.00000E+00       
        1.964639E+06        -3.89204E-03         5.48034E-03        -2.44689E-03
                            -3.81226E-04         3.37941E-04        -1.52385E-04
                             6.85217E-05         1.48673E-04         1.57611E-04
                            -2.47606E-04         0.00000E+00       
        8.207748E+05        -7.68480E-03         1.07931E-02        -4.84416E-03
                            -7.55679E-04         6.69576E-04        -3.01927E-04
                             1.35766E-04         2.94556E-04         3.12184E-04
                            -4.90263E-04         0.00000E+00       
        3.641070E+05        -1.04218E-02         1.45743E-02        -6.59887E-03
                            -1.03166E-03         9.13387E-04        -4.11873E-04
                             1.85204E-04         4.01871E-04         4.26131E-04
                            -6.69681E-04         0.00000E+00       
        1.706681E+05        -1.77628E-02         2.47024E-02        -1.13110E-02
                            -1.77322E-03         1.56841E-03        -7.07245E-04
                             3.18023E-04         6.89930E-04         7.30978E-04
                            -1.14742E-03         0.00000E+00       
        8.345539E+04        -2.47164E-02         3.40550E-02        -1.58884E-02
                            -2.50217E-03         2.20950E-03        -9.96366E-04
                             4.48032E-04         9.72381E-04         1.03182E-03
                            -1.62324E-03         0.00000E+00       
        4.242338E+04        -3.91400E-02         5.33146E-02        -2.54485E-02
                            -4.03020E-03         3.55187E-03        -1.60172E-03
                             7.20245E-04         1.56215E-03         1.65342E-03
                            -2.59160E-03         0.00000E+00       
        2.222877E+04        -5.46969E-02         7.31314E-02        -3.62215E-02
                            -5.78716E-03         5.08398E-03        -2.29278E-03
                             1.03100E-03         2.23883E-03         2.38017E-03
                            -3.75503E-03         0.00000E+00       
        1.193171E+04        -8.23507E-02         1.07521E-01        -5.57820E-02
                            -9.01380E-03         7.88785E-03        -3.55733E-03
                             1.59966E-03         3.46729E-03         3.65987E-03
                            -5.71352E-03         0.00000E+00       
        6.539042E+03        -1.09230E-01         1.37288E-01        -7.66472E-02
                            -1.26003E-02         1.09583E-02        -4.94292E-03
                             2.22274E-03         4.83381E-03         5.16593E-03
                            -8.21366E-03         0.00000E+00       
        3.678233E+03        -1.40348E-01         1.68406E-01        -1.02563E-01
                            -1.72217E-02         1.48730E-02        -6.70852E-03
                             3.01683E-03         6.52297E-03         6.81646E-03
                            -1.04790E-02         0.00000E+00       
        2.139549E+03        -1.39899E-01         1.58805E-01        -1.07127E-01
                            -1.83964E-02         1.57563E-02        -7.11032E-03
                             3.19749E-03         7.00226E-03         7.67594E-03
                            -1.26571E-02         0.00000E+00       
        1.288453E+03        -1.14982E-01         1.34622E-01        -8.50674E-02
                            -1.42913E-02         1.23526E-02        -5.56793E-03
                             2.50403E-03         5.29487E-03         5.04875E-03
                            -6.59346E-03         0.00000E+00       
        7.920772E+02        -2.67480E-02         8.01102E-02         1.35385E-02
                             6.71105E-03        -4.53101E-03         2.05122E-03
                            -9.24148E-04        -1.73979E-03        -7.25038E-04
                            -1.51400E-03         0.00000E+00       
        4.846993E+02         8.65541E-02         7.17135E-02         2.07313E-01
                             5.71369E-02        -4.28336E-02         1.94293E-02
                            -8.74462E-03        -1.95994E-02        -2.31219E-02
                             4.19935E-02         0.00000E+00       
        2.980013E+02         1.89843E-01         6.63348E-02         4.64767E-01
                             1.42655E-01        -1.05093E-01         4.77054E-02
                            -2.14833E-02        -4.57255E-02        -4.43096E-02
                             5.99430E-02         0.00000E+00       
        1.867396E+02         1.48694E-01         6.74578E-02         5.11739E-01
                             1.80041E-01        -1.29134E-01         5.88552E-02
                            -2.65115E-02        -6.01830E-02        -7.32694E-02
                             1.37895E-01         0.00000E+00       
        1.203324E+02         1.06037E-01         3.13469E-02         2.65477E-01
                             9.31112E-02        -6.94154E-02         3.17794E-02
                            -1.43457E-02        -2.71167E-02        -1.27218E-02
                            -1.84614E-02         0.00000E+00       
        7.585031E+01         1.45366E-01         5.10149E-02        -2.62306E-01
                            -2.39550E-01         1.65302E-01        -7.72777E-02
                             3.50135E-02         6.99466E-02         4.84663E-02
                            -1.65132E-02         0.00000E+00       
        4.922312E+01         2.32102E-01         6.03450E-02        -6.32443E-01
                            -6.43426E-01         4.60856E-01        -2.18721E-01
                             9.92533E-02         2.34196E-01         3.01372E-01
                            -6.10505E-01         0.00000E+00       
        3.097937E+01         1.59628E-01         4.93828E-02        -4.65682E-01
                            -5.33877E-01         3.80468E-01        -1.80440E-01
                             8.19682E-02         1.65048E-01         1.13541E-01
                            -1.17089E-02         0.00000E+00       
        1.933899E+01         4.07593E-02         8.93840E-03        -7.00091E-02
                             2.21111E-01        -1.80147E-01         8.54086E-02
                            -3.88216E-02        -7.65472E-02        -1.45831E-02
                            -1.45477E-01         0.00000E+00       
        1.190918E+01        -1.68585E-03         2.11845E-03         9.65508E-02
                             8.08713E-01        -9.42969E-01         5.33791E-01
                            -2.49936E-01        -6.17660E-01        -8.45615E-01
                             1.91009E+00         0.00000E+00       
        7.281087E+00        -2.27477E-03        -1.76943E-03         6.39229E-02
                             4.60027E-01        -7.45365E-01         4.35069E-01
                            -2.04527E-01        -4.46611E-01        -2.85674E-01
                            -4.19818E-01         0.00000E+00       
        4.523816E+00        -5.68079E-04         9.17592E-04         8.35014E-03
                             8.22789E-02         3.46623E-01        -2.79036E-01
                             1.36093E-01         3.71691E-01         3.14287E-01
                             4.74886E-01         0.00000E+00       
        2.691479E+00         3.99955E-04        -5.95988E-04         1.88542E-03
                             2.29670E-02         8.43429E-01        -7.97416E-01
                             4.09243E-01         1.22868E+00         2.12187E+00
                            -8.36466E+00         0.00000E+00       
        1.643698E+00         4.29896E-05         5.51433E-04        -1.49052E-03
                             4.04186E-03         3.89935E-01        -5.18189E-01
                             2.82652E-01         1.07947E+00         4.08052E-01
                             1.04459E+01         0.00000E+00       
        1.024666E+00         9.38241E-05        -3.38146E-04         8.26673E-04
                             2.98521E-03         8.05723E-02         1.44799E-01
                            -1.04785E-01        -2.13743E+00        -4.38826E+00
                             1.79139E+00         0.00000E+00       
        6.087074E-01        -3.15435E-05         2.08870E-04        -5.29818E-04
                            -1.27584E-03         2.75437E-02         5.86041E-01
                            -3.82493E-01        -1.32934E+00         7.84696E-01
                            -1.00692E+01         0.00000E+00       
        3.621554E-01         2.47895E-05        -1.22156E-04         3.15546E-04
                             4.81286E-04         2.08919E-02         4.77662E-01
                            -4.20282E-01         8.23922E-01         2.61189E+00
                             3.74874E+00         0.00000E+00       
        2.128126E-01        -1.03437E-05         6.54171E-05        -1.66075E-04
                            -3.99422E-04         5.57785E-03         1.33924E-01
                            -2.27285E-01         8.76717E-01         3.67696E-01
                             2.65281E+00         0.00000E+00       
        1.205102E-01         5.13129E-06        -2.95178E-05         7.60492E-05
                             1.48169E-04         1.04708E-03         3.05802E-02
                             8.57555E-02         4.68790E-01        -1.25074E+00
                            -5.31950E-01         0.00000E+00       
        6.439786E-02        -1.83969E-06         1.15956E-05        -2.98505E-05
                            -9.34992E-05         1.01682E-03         8.22252E-02
                             4.81323E-01         1.00707E-01        -1.24598E+00
                            -1.74955E+00         0.00000E+00       
        3.284112E-02         7.45829E-07        -3.81729E-06         9.99008E-06
                            -1.33010E-05         1.27724E-03         9.25020E-02
                             5.46297E-01        -4.86863E-01         5.20810E-01
                             1.53435E-01         0.00000E+00       
        1.642182E-02        -1.08608E-07         8.21079E-07        -2.10061E-06
                            -1.28873E-05         2.97066E-04         2.27452E-02
                             1.35083E-01        -3.30319E-01         8.11586E-01
                             7.29124E-01         1.00000E+00       
* p-type functions
H  34   10    0
        7.833950E+07       1.5444100E-05      -1.8565500E-05       2.0253700E-06
                          -2.6159600E-06       1.1723100E-06      -2.7470300E-07
                          -1.3175100E-06       1.7359300E-06       1.9951100E-06
                           0.0000000E+00
        2.980899E+07       6.5830000E-06      -7.9221500E-06       8.6610800E-07
                          -1.1171300E-06       5.0058800E-07      -1.1729900E-07
                          -5.6222700E-07       7.3672700E-07       8.4572800E-07
                           0.0000000E+00
        1.144342E+07       3.8528600E-05      -4.6346900E-05       5.0629600E-06
                          -6.5340700E-06       2.9281900E-06      -6.8615400E-07
                          -3.2913000E-06       4.3411400E-06       4.9904500E-06
                           0.0000000E+00
        4.581200E+06       4.8357800E-05      -5.8237200E-05       6.3763400E-06
                          -8.2172400E-06       3.6822100E-06      -8.6283100E-07
                          -4.1361800E-06       5.4264100E-06       6.2310900E-06
                           0.0000000E+00
        1.897246E+06       1.1522400E-04      -1.3883200E-04       1.5215500E-05
                          -1.9598500E-05       8.7829700E-06      -2.0581000E-06
                          -9.8742800E-06       1.3046300E-05       1.5003300E-05
                           0.0000000E+00
        8.097974E+05       1.9403300E-04      -2.3417300E-04       2.5749700E-05
                          -3.3097800E-05       1.4830900E-05      -3.4752200E-06
                          -1.6655800E-05       2.1812700E-05       2.5038700E-05
                           0.0000000E+00
        3.550674E+05       3.9326400E-04      -4.7530500E-04       5.2415200E-05
                          -6.7266500E-05       3.0145500E-05      -7.0640700E-06
                          -3.3904600E-05       4.4934600E-05       5.1711600E-05
                           0.0000000E+00
        1.596033E+05       7.3678500E-04      -8.9284900E-04       9.8980400E-05
                          -1.2660100E-04       5.6724700E-05      -1.3291900E-05
                          -6.3677800E-05       8.3082600E-05       9.5297800E-05
                           0.0000000E+00
        7.345010E+04       1.4807800E-03      -1.7996500E-03       2.0066100E-04
                          -2.5584200E-04       1.1465800E-04      -2.6868900E-05
                          -1.2903600E-04       1.7186400E-04       1.9801900E-04
                           0.0000000E+00
        3.459487E+04       2.9698900E-03      -3.6257600E-03       4.0784200E-04
                          -5.1710800E-04       2.3166400E-04      -5.4284400E-05
                          -2.5990100E-04       3.3719100E-04       3.8631300E-04
                           0.0000000E+00
        1.668669E+04       6.1733800E-03      -7.5793000E-03       8.6207600E-04
                          -1.0863600E-03       4.8686800E-04      -1.1409700E-04
                          -5.4837600E-04       7.3520000E-04       8.4846900E-04
                           0.0000000E+00
        8.256416E+03       1.2914100E-02      -1.5993100E-02       1.8490400E-03
                          -2.3065200E-03       1.0331200E-03      -2.4208700E-04
                          -1.1582100E-03       1.4920700E-03       1.7070200E-03
                           0.0000000E+00
        4.196778E+03       2.7061700E-02      -3.3928200E-02       4.0155000E-03
                          -4.9445600E-03       2.2159100E-03      -5.1933200E-04
                          -2.4984700E-03       3.3762100E-03       3.9041500E-03
                           0.0000000E+00
        2.191894E+03       5.4831300E-02      -7.0078900E-02       8.5843200E-03
                          -1.0355000E-02       4.6366500E-03      -1.0865400E-03
                          -5.1937500E-03       6.6318300E-03       7.5747600E-03
                           0.0000000E+00
        1.174828E+03       1.0263200E-01      -1.3472400E-01       1.7296900E-02
                          -2.0341300E-02       9.1152400E-03      -2.1365900E-03
                          -1.0296200E-02       1.4091100E-02       1.6350700E-02
                           0.0000000E+00
        6.446148E+02       1.6542800E-01      -2.2489700E-01       3.0574300E-02
                          -3.4800700E-02       1.5573700E-02      -3.6498500E-03
                          -1.7405000E-02       2.1734700E-02       2.4709300E-02
                           0.0000000E+00
        3.614139E+02       2.0947100E-01      -2.8934400E-01       4.0373300E-02
                          -4.5416300E-02       2.0362400E-02      -4.7742300E-03
                          -2.3156500E-02       3.3323100E-02       3.9132600E-02
                           0.0000000E+00
        2.062703E+02       1.9405400E-01      -2.0508000E-01       1.2464100E-02
                          -2.3205500E-02       1.0326400E-02      -2.4133500E-03
                          -1.1027300E-02       8.2634000E-03       7.5672000E-03
                           0.0000000E+00
        1.193367E+02       1.5797900E-01       9.5412200E-02      -9.5349900E-02
                           5.9643700E-02      -2.6663800E-02       6.2686600E-03
                           2.9228500E-02      -2.6825400E-02      -2.8922200E-02
                           0.0000000E+00
        7.014309E+01       1.7064700E-01       4.3902400E-01      -2.6934100E-01
                           1.8896600E-01      -8.5571000E-02       2.0160700E-02
                           9.9697000E-02      -1.5995900E-01      -1.9490900E-01
                           0.0000000E+00
        4.170407E+01       1.4928800E-01       4.4158500E-01      -2.5548100E-01
                           1.7397200E-01      -7.7443000E-02       1.8186100E-02
                           8.4720900E-02      -6.7991500E-02      -7.2448900E-02
                           0.0000000E+00
        2.470288E+01       6.1526600E-02       1.3811200E-01       1.2627600E-01
                          -9.4786400E-02       4.5229700E-02      -1.0813600E-02
                          -5.0983500E-02       6.4666400E-03       2.7863300E-02
                           0.0000000E+00
        1.449640E+01       6.7275300E-03      -9.0936000E-02       5.3835100E-01
                          -4.4863200E-01       2.2164600E-01      -5.3217600E-02
                          -2.7161500E-01       5.2394100E-01       6.5480000E-01
                           0.0000000E+00
        8.575870E+00      -1.6287900E-03      -9.3636300E-02       4.4384200E-01
                          -4.0593200E-01       1.9742000E-01      -4.7216200E-02
                          -2.2419200E-01       8.7405200E-02       5.2277300E-02
                           0.0000000E+00
        4.980861E+00      -4.8209400E-04      -2.5443000E-02       1.2503900E-01
                           2.1311700E-01      -1.5176700E-01       3.8300000E-02
                           2.1534300E-01      -1.1878500E-01      -2.7215300E-01
                           0.0000000E+00
        2.840408E+00       1.2233800E-04       1.0933300E-03       9.0739200E-03
                           6.2304500E-01      -4.4395100E-01       1.1505900E-01
                           6.3734700E-01      -1.8152100E+00      -3.1445600E+00
                           0.0000000E+00
        1.604826E+00       1.0277100E-04       1.4081700E-03       1.2249700E-03
                           3.6711400E-01      -2.6792600E-01       6.9923600E-02
                           4.3463500E-01       1.4100400E+00       6.0396700E+00
                           0.0000000E+00
        8.834607E-01       2.4794300E-05       4.6387000E-04      -2.7527000E-04
                           8.0601300E-02       2.4487500E-01      -8.1346600E-02
                          -1.3982400E+00       1.8836500E+00      -3.6243200E+00
                           0.0000000E+00
        4.747680E-01       3.0494700E-06       3.3629500E-06       2.2875500E-04
                           2.3963000E-02       5.3458000E-01      -1.8341300E-01
                          -4.5346000E-01      -2.4618300E+00      -1.1806100E+00
                           0.0000000E+00
        2.535449E-01       2.4916400E-06       6.1246700E-05      -3.6370400E-05
                           1.3964900E-02       3.7201900E-01      -1.8166000E-01
                           8.2104100E-01      -7.0264500E-04       2.8356000E+00
                           0.0000000E+00
        1.310695E-01       1.8152100E-08      -1.0969600E-05       6.3828200E-05
                           3.4921600E-03       9.9274700E-02       1.6263700E-02
                           4.1658800E-01       6.8515900E-01      -8.7164800E-01
                           0.0000000E+00
        6.288257E-02       1.7468400E-07       7.8250500E-06      -1.8583800E-05
                           2.9904300E-04       8.9733100E-03       4.0412900E-01
                           8.0845000E-02       3.2486900E-01      -5.0931200E-01
                           0.0000000E+00
        3.017001E-02      -7.2659400E-08      -3.2866400E-06       9.4354700E-06
                           3.4452700E-05       1.2486700E-03       5.3805200E-01
                           6.7505300E-03       2.0893200E-02      -1.2861200E-01
                           0.0000000E+00
        1.426262E-02       1.9593100E-08       8.9247400E-07      -2.4781900E-06
                          -1.2833700E-06      -6.3266500E-05       1.7857000E-01
                           8.5770900E-04       5.8906400E-03       9.8209100E-03
                           1.0000000E+00
* d-type functions
H  24    8    0
        5.331809E+05       2.6059500E-06      -9.2918600E-07       5.8500100E-07
                          -1.6277500E-07      -3.0373600E-07       3.8324700E-07
                          -4.3523400E-07       0.0000000E+00
        1.232376E+05       1.4248900E-05      -5.0794000E-06       3.1982500E-06
                          -8.8968000E-07      -1.6677500E-06       2.3861400E-06
                          -2.5044400E-06       0.0000000E+00
        3.864236E+04       6.4547800E-05      -2.3089500E-05       1.4528700E-05
                          -4.0431900E-06      -7.5330600E-06       9.0692000E-06
                          -1.0593300E-05       0.0000000E+00
        1.435719E+04       2.6289300E-04      -9.4075600E-05       5.9204600E-05
                          -1.6470000E-05      -3.0903700E-05       4.5419800E-05
                          -4.7024500E-05       0.0000000E+00
        6.012794E+03       9.9281700E-04      -3.5717000E-04       2.2453600E-04
                          -6.2496500E-05      -1.1637200E-04       1.3762600E-04
                          -1.6222900E-04       0.0000000E+00
        2.754367E+03       3.5166700E-03      -1.2694400E-03       7.9788800E-04
                          -2.2200600E-04      -4.1658200E-04       6.1363900E-04
                          -6.3428000E-04       0.0000000E+00
        1.351968E+03       1.1525000E-02      -4.2005300E-03       2.6355700E-03
                          -7.3379800E-04      -1.3664800E-03       1.6235900E-03
                          -1.9007800E-03       0.0000000E+00
        6.997981E+02       3.3824800E-02      -1.2452300E-02       7.8046000E-03
                          -2.1726000E-03      -4.0761100E-03       5.9730900E-03
                          -6.2006100E-03       0.0000000E+00
        3.770114E+02       8.6399900E-02      -3.2484800E-02       2.0294900E-02
                          -5.6548800E-03      -1.0523900E-02       1.2488800E-02
                          -1.4619900E-02       0.0000000E+00
        2.097394E+02       1.8229000E-01      -6.9554600E-02       4.3377400E-02
                          -1.2084800E-02      -2.2700500E-02       3.3879400E-02
                          -3.5020200E-02       0.0000000E+00
        1.193019E+02       2.9740200E-01      -1.1187200E-01       6.9899600E-02
                          -1.9480700E-02      -3.6240700E-02       3.9976300E-02
                          -4.9129600E-02       0.0000000E+00
        6.911171E+01       3.4239600E-01      -1.1019700E-01       6.9947300E-02
                          -1.9365900E-02      -3.6971500E-02       6.8205800E-02
                          -6.7085100E-02       0.0000000E+00
        4.043241E+01       2.2629700E-01       2.8366300E-02      -1.3597800E-02
                           4.5102200E-03       9.2803600E-03      -4.6789800E-02
                           3.1517200E-02       0.0000000E+00
        2.365424E+01       4.2065200E-02       2.7194400E-01      -1.5495700E-01
                           4.4963100E-02       8.3058800E-02      -5.0553400E-02
                           1.0560500E-01       0.0000000E+00
        1.380640E+01      -5.7837800E-02       4.2407100E-01      -2.5072100E-01
                           7.2649400E-02       1.4442900E-01      -3.2794700E-01
                           3.2620200E-01       0.0000000E+00
        8.072398E+00      -5.0945300E-02       3.0707400E-01      -1.1922300E-01
                           3.0406500E-02       5.4774200E-02       1.2874500E-01
                          -5.3615900E-02       0.0000000E+00
        4.684482E+00      -1.7027100E-02       1.0100500E-01       2.2434500E-01
                          -8.1210500E-02      -1.6792400E-01      -3.6146900E-02
                          -3.0453700E-01       0.0000000E+00
        2.656077E+00      -1.6463200E-03       1.0150700E-02       4.5770700E-01
                          -1.6561800E-01      -3.5778100E-01       1.3182600E+00
                          -1.8146900E+00       0.0000000E+00
        1.476407E+00       2.2416500E-04      -1.1526200E-03       3.6021100E-01
                          -1.1477900E-01      -2.9375900E-01      -1.0727400E+00
                           4.1690800E+00       0.0000000E+00
        7.889803E-01       1.2231900E-04      -5.8386900E-04       1.3186100E-01
                           9.9764700E-02       8.2824200E-01      -1.1250700E+00
                          -3.3249100E+00       0.0000000E+00
        3.864550E-01       1.3820600E-05      -9.0106700E-05       1.6484500E-02
                           3.4137300E-01       4.8581000E-01       1.5696600E+00
                           6.6703900E-01       0.0000000E+00
        1.820399E-01       1.6828500E-06      -3.6199400E-06       3.2908700E-04
                           4.2180200E-01      -4.4539800E-01      -1.1106100E-01
                           9.9414600E-01       0.0000000E+00
        8.260152E-02      -4.1459500E-07      -1.9969300E-06       8.5922000E-05
                           2.9122000E-01      -4.1262300E-01      -4.5698500E-01
                          -7.2296700E-01       0.0000000E+00
        3.569005E-02       1.6395700E-07      -2.2915500E-07      -5.0588700E-05
                           7.9122000E-02      -1.1611700E-01      -1.3705300E-01
                          -1.6698800E-01       1.0000000E+00
* f-type functions
H  15    6    0
        2.019267E+03       1.9814200E-04      -5.8952400E-05       6.5808700E-05
                           7.7344300E-05      -1.0265200E-04       0.0000000E+00
        6.754767E+02       1.8261800E-03      -5.4101300E-04       6.1560600E-04
                           6.1694000E-04      -4.5647700E-04       0.0000000E+00
        2.857116E+02       1.0568800E-02      -3.1544800E-03       3.5405300E-03
                           4.0316400E-03      -4.8569500E-03       0.0000000E+00
        1.364733E+02       4.1857800E-02      -1.2470800E-02       1.4179700E-02
                           1.4473500E-02      -1.1762900E-02       0.0000000E+00
        6.943428E+01       1.1808600E-01      -3.5465200E-02       3.9851300E-02
                           4.5175000E-02      -5.3745000E-02       0.0000000E+00
        3.684466E+01       2.3884500E-01      -7.0318800E-02       7.9804000E-02
                           8.0027200E-02      -5.9113000E-02       0.0000000E+00
        1.984805E+01       3.3438000E-01      -9.1747400E-02       9.9062100E-02
                           1.1957900E-01      -1.6658000E-01       0.0000000E+00
        1.078153E+01       3.1457800E-01      -6.1915300E-02       6.3473400E-02
                           3.5641700E-02       8.2375500E-02       0.0000000E+00
        5.837710E+00       1.7647100E-01       5.8104200E-02      -1.0060100E-01
                          -8.0343100E-02      -8.5372900E-02       0.0000000E+00
        3.103433E+00       4.8203900E-02       2.2086600E-01      -2.6523900E-01
                          -4.7641100E-01       1.0354200E+00       0.0000000E+00
        1.605261E+00       4.0811700E-03       3.3314700E-01      -3.9829300E-01
                          -2.9547400E-01      -9.8784700E-01       0.0000000E+00
        8.004529E-01       2.7615100E-04       3.3110500E-01       4.3797300E-02
                           1.0476300E+00      -5.0727200E-01       0.0000000E+00
        3.808543E-01      -2.3683700E-05       2.4083300E-01       4.7640200E-01
                          -4.6229400E-02       1.3216300E+00       0.0000000E+00
        1.696217E-01       3.6404700E-05       1.2051600E-01       3.6543400E-01
                          -5.3066500E-01      -5.6552800E-01       0.0000000E+00
        6.742203E-02      -3.6875200E-06       2.8991200E-02       1.3334100E-01
                          -2.1783500E-01      -4.0003000E-01       1.0000000E+00
* g-type functions
H   5    5    0
        3.893400E+00       1.0000000E+00       0.0000000E+00       0.0000000E+00
                           0.0000000E+00       0.0000000E+00
        1.782800E+00       0.0000000E+00       1.0000000E+00       0.0000000E+00
                           0.0000000E+00       0.0000000E+00  
        8.164000E-01       0.0000000E+00       0.0000000E+00       1.0000000E+00
                           0.0000000E+00       0.0000000E+00  
        3.196000E-01       0.0000000E+00       0.0000000E+00       0.0000000E+00
                           1.0000000E+00       0.0000000E+00  
        1.300000E-01       0.0000000E+00       0.0000000E+00       0.0000000E+00
                           0.0000000E+00       1.0000000E+00
* h-type functions
H   3    3    0
        1.976000E+00       1.0000000E+00       0.0000000E+00       0.0000000E+00
        8.625000E-01       0.0000000E+00       1.0000000E+00       0.0000000E+00
        2.253000E-01       0.0000000E+00       0.0000000E+00       1.0000000E+00
* i-type functions
H   1    1    0
        1.239500E+00       1.0000000E+00
