$
$ Elements supported
$ Xe
$
a 54
$ xe    (33s5p5d3f1g) 
$ S-TYPE FUNCTIONS
   33    0    0
  3048571.3181   
  1757942.5836   
  1034083.8437   
  365006.52244   
  206331.82181   
  121371.65648   
  43702.360063   
  15121.923049   
  8719.9772285   
  5129.3982259   
  3077.9405204   
  1810.5531965   
  1023.4741479   
  614.14466430   
  361.26155710   
  216.77817480   
  122.54092180   
  73.531757900   
  50.807342400   
  43.253974000   
  25.443513400   
  29.886671200   
  17.580394300   
  14.966772200   
  10.341408100   
  8.9809433000   
  6.0831811000   
  3.5783417000   
  2.1049068000   
  0.7283414000    
  0.4284361000    
  0.2520212000    
  0.1482478000
    5    0    0
  7.1700000000   
  2.5400000000   
  0.8900000000
  0.3100000000   
  0.1100000000
    5    0    0
  15.980000000   
  5.8900000000   
  2.2100000000   
  0.8400000000   
  0.3200000000
    3    0    0
  2.1300000000   
  0.8700000000   
  0.3600000000
    1    0    0
  1.0300000000   

