$ Basis = TZVPP-MP2-fit
$ Element = H
a 1
$ S-TYPE FUNCTIONS
    4    0    0
     9.3352160900
     1.8611070400
     0.5951246600
     0.2644809900
$ P-TYPE FUNCTIONS
    3    0    0
     2.4524982100
     1.3540383000
     0.5952239400
$ D-TYPE FUNCTIONS
    2    0    0
     1.5816376600
     0.6274396000
$ F-TYPE FUNCTIONS
    1    0    0
     1.8714510300
$ Element = He
a 2
$ S-TYPE FUNCTIONS
    4    0    0
    24.7188971700
     5.3595242200
     1.5602373400
     0.5534366800
$ P-TYPE FUNCTIONS
    3    0    0
     6.9485327500
     3.4788708500
     1.2399848500
$ D-TYPE FUNCTIONS
    2    0    0
     4.2334466000
     2.3428095100
$ Element = Li
a 3
$ S-TYPE FUNCTIONS
    9    0    0
    85.4510000000    
    17.8757000000    
     4.4719300000    
     2.7154500000    
     1.1817400000    
     0.4283760000    
     0.1683850000    
     0.1050660000    
     0.0433263000    
$ P-TYPE FUNCTIONS
    6    0    0
    13.0346000000    
     5.0002300000    
     2.5439400000    
     1.0735000000    
     0.3756790000    
     0.1049970000    
$ D-TYPE FUNCTIONS
    3    0    0
     3.5034300000    
     0.7652980000    
     0.1657610000    
$ F-TYPE FUNCTIONS
    1    0    0
     0.1986040000    
$ Element = Be
a 4
$ S-TYPE FUNCTIONS
    9    0    0
    86.8110000000    
    17.9817000000    
     7.7695900000    
     2.7717700000    
     1.1484600000    
     0.3933020000    
     0.2313540000    
     0.0968246000    
     0.0565880000    
$ P-TYPE FUNCTIONS
    6    0    0
    17.1963000000    
     6.3391300000    
     2.7235400000    
     0.7470630000    
     0.3047570000    
     0.1271510000    
$ D-TYPE FUNCTIONS
    3    0    0
     2.7553900000    
     0.4646020000    
     0.2701370000    
$ F-TYPE FUNCTIONS
    1    0    0
     0.2229110000
$ Element = B
a 5
$ S-TYPE FUNCTIONS
    8    8    0
   146.41098372  0.75852308  0.00000000  0.00000000 0.00000000  0.00000000  0.00000000
     0.00000000  0.00000000
    31.84652451  0.00000000  1.61698852  0.00000000 0.00000000  0.00000000  0.00000000
     0.00000000  0.00000000
    12.98314672  0.00000000  0.00000000  0.52609360 0.00000000  0.00000000  0.00000000
     0.00000000  0.00000000
     5.48098028  0.00000000  0.00000000  0.00000000 1.00000000  0.00000000  0.00000000
     0.00000000  0.00000000
     1.96749781  0.00000000  0.00000000  0.00000000 0.00000000  1.00000000  0.00000000
     0.00000000  0.00000000
     0.68668946  0.00000000  0.00000000  0.00000000 0.00000000  0.00000000  1.00000000
     0.00000000  0.00000000
     0.24674611  0.00000000  0.00000000  0.00000000 0.00000000  0.00000000  0.00000000
     1.00000000  0.00000000
     0.14934320  0.00000000  0.00000000  0.00000000 0.00000000  0.00000000  0.00000000
     0.00000000  1.00000000
$ P-TYPE FUNCTIONS
    6    6    0
    16.14221491  1.11913551  0.00000000  0.00000000 0.00000000  0.00000000  0.00000000
     4.19045214  0.00000000  1.15216884  0.00000000 0.00000000  0.00000000  0.00000000
     1.78158518  0.00000000  0.00000000  1.00000000 0.00000000  0.00000000  0.00000000
     0.71351509  0.00000000  0.00000000  0.00000000 1.00000000  0.00000000  0.00000000
     0.32237849  0.00000000  0.00000000  0.00000000 0.00000000  1.00000000  0.00000000
     0.15324320  0.00000000  0.00000000  0.00000000 0.00000000  0.00000000  1.00000000
$ D-TYPE FUNCTIONS
    5    4    0
     6.52130491  0.20543871  0.00000000  0.00000000  0.00000000
     2.31591148  1.42659072  0.00000000  0.00000000  0.00000000
     0.86363911  0.00000000  1.00000000  0.00000000  0.00000000
     0.37498583  0.00000000  0.00000000  1.00000000  0.00000000
     0.14209836  0.00000000  0.00000000  0.00000000  1.00000000
$ F-TYPE FUNCTIONS
    3    3    0
     2.21866183  0.81087004  0.00000000  0.00000000
     0.74288816  0.00000000  1.75975495  0.00000000
     0.39772732  0.00000000  0.00000000  0.33568155
$ G-TYPE FUNCTIONS
    1    1    0
     0.76379684  1.00000000
$ Basis = TZVPP-MP2-fit
$ Element = C
a 6
$ S-TYPE FUNCTIONS
    8    8    0
   281.47693316  0.48911748  0.00000000  0.00000000  0.00000000  0.00000000  0.00000000
     0.00000000  0.00000000
    59.86260691  0.00000000  1.52506644  0.00000000  0.00000000  0.00000000  0.00000000
     0.00000000  0.00000000
    23.28284492  0.00000000  0.00000000  0.53278071  0.00000000  0.00000000  0.00000000
     0.00000000  0.00000000
     9.43365439  0.00000000  0.00000000  0.00000000  1.00000000  0.00000000  0.00000000
     0.00000000  0.00000000
     3.31157947  0.00000000  0.00000000  0.00000000  0.00000000  1.00000000  0.00000000
     0.00000000  0.00000000
     1.07438579  0.00000000  0.00000000  0.00000000  0.00000000  0.00000000  1.00000000
     0.00000000  0.00000000
     0.40591700  0.00000000  0.00000000  0.00000000  0.00000000  0.00000000  0.00000000
     1.00000000  0.00000000
     0.20682782  0.00000000  0.00000000  0.00000000  0.00000000  0.00000000  0.00000000
     0.00000000  1.00000000
$ P-TYPE FUNCTIONS
    6    6    0
    24.79432276  1.27505829  0.00000000  0.00000000  0.00000000  0.00000000  0.00000000
     6.37908678  0.00000000  1.30659648  0.00000000  0.00000000  0.00000000  0.00000000
     2.73619827  0.00000000  0.00000000  1.00000000  0.00000000  0.00000000  0.00000000
     1.13180785  0.00000000  0.00000000  0.00000000  1.00000000  0.00000000  0.00000000
     0.49171280  0.00000000  0.00000000  0.00000000  0.00000000  1.00000000  0.00000000
     0.23760591  0.00000000  0.00000000  0.00000000  0.00000000  0.00000000  1.00000000
$ D-TYPE FUNCTIONS
    5    4    0
     9.06768796  0.47011119  0.00000000  0.00000000  0.00000000
     3.41167689  1.34112442  0.00000000  0.00000000  0.00000000
     1.41501615  0.00000000  1.00000000  0.00000000  0.00000000
     0.58793486  0.00000000  0.00000000  1.00000000  0.00000000
     0.25753087  0.00000000  0.00000000  0.00000000  1.00000000
$ F-TYPE FUNCTIONS
    3    3    0
     2.38701735  0.79093613  0.00000000  0.00000000
     1.16067992  0.00000000  1.39179984  0.00000000
     0.55289817  0.00000000  0.00000000  0.10532469
$ G-TYPE FUNCTIONS
    1    1    0
     1.22884707  1.00000000
$ Basis = TZVPP-MP2-fit
$ Element = N
a 7
$ S-TYPE FUNCTIONS
    8    8    0
   291.18394257  0.56533084  0.00000000  0.00000000  0.00000000  0.00000000  0.00000000
     0.00000000  0.00000000
    62.03053238  0.00000000  1.37490932  0.00000000  0.00000000  0.00000000  0.00000000
     0.00000000  0.00000000
    21.98113229  0.00000000  0.00000000  0.28294012  0.00000000  0.00000000  0.00000000
     0.00000000  0.00000000
     9.06711534  0.00000000  0.00000000  0.00000000  1.00000000  0.00000000  0.00000000
     0.00000000  0.00000000
     3.60654848  0.00000000  0.00000000  0.00000000  0.00000000  1.00000000  0.00000000
     0.00000000  0.00000000
     1.37284474  0.00000000  0.00000000  0.00000000  0.00000000  0.00000000  1.00000000
     0.00000000  0.00000000
     0.63709085  0.00000000  0.00000000  0.00000000  0.00000000  0.00000000  0.00000000
     1.00000000  0.00000000
     0.26907231  0.00000000  0.00000000  0.00000000  0.00000000  0.00000000  0.00000000
     0.00000000  1.00000000
$ P-TYPE FUNCTIONS
    6    6    0
    34.12169197  1.03739350  0.00000000  0.00000000  0.00000000  0.00000000  0.00000000
     8.66927085  0.00000000  0.98879118  0.00000000  0.00000000  0.00000000  0.00000000
     3.96958444  0.00000000  0.00000000  1.00000000  0.00000000  0.00000000  0.00000000
     1.67569027  0.00000000  0.00000000  0.00000000  1.00000000  0.00000000  0.00000000
     0.69769401  0.00000000  0.00000000  0.00000000  0.00000000  1.00000000  0.00000000
     0.33582544  0.00000000  0.00000000  0.00000000  0.00000000  0.00000000  1.00000000
$ D-TYPE FUNCTIONS
    5    4    0
    12.72717340  0.53636257  0.00000000  0.00000000  0.00000000
     5.02916611  1.31247449  0.00000000  0.00000000  0.00000000
     2.09125025  0.00000000  1.00000000  0.00000000  0.00000000
     0.85902043  0.00000000  0.00000000  1.00000000  0.00000000
     0.35068479  0.00000000  0.00000000  0.00000000  1.00000000
$ F-TYPE FUNCTIONS
    3    3    0
     3.46865369  0.90354051  0.00000000  0.00000000
     1.66865042  0.00000000  1.65562725  0.00000000
     0.80947600  0.00000000  0.00000000  0.24984638
$ G-TYPE FUNCTIONS
    1    1    0
     1.78131415  1.00000000
$ Basis = TZVPP-MP2-fit
a 8
$ S-TYPE FUNCTIONS
    8    8    0
   364.91291000  0.58060340  0.00000000  0.00000000  0.00000000  0.00000000  0.00000000
     0.00000000  0.00000000
    77.38709400  0.00000000  1.40179846  0.00000000  0.00000000  0.00000000  0.00000000
     0.00000000  0.00000000
    24.30170600  0.00000000  0.00000000  0.34994600  0.00000000  0.00000000  0.00000000
     0.00000000  0.00000000
     8.43695450  0.00000000  0.00000000  0.00000000  1.00000000  0.00000000  0.00000000
     0.00000000  0.00000000
     3.15279410  0.00000000  0.00000000  0.00000000  0.00000000  1.00000000  0.00000000
     0.00000000  0.00000000
     1.57754300  0.00000000  0.00000000  0.00000000  0.00000000  0.00000000  1.00000000
     0.00000000  0.00000000
     0.78178244  0.00000000  0.00000000  0.00000000  0.00000000  0.00000000  0.00000000
     1.00000000  0.00000000
     0.31652679  0.00000000  0.00000000  0.00000000  0.00000000  0.00000000  0.00000000
     0.00000000  1.00000000
$ P-TYPE FUNCTIONS
    6    6    0
    56.73594800  1.04911649  0.00000000  0.00000000  0.00000000  0.00000000  0.00000000
    14.99721700  0.00000000  1.13960439  0.00000000  0.00000000  0.00000000  0.00000000
     5.64281160  0.00000000  0.00000000  1.00000000  0.00000000  0.00000000  0.00000000
     2.40692198  0.00000000  0.00000000  0.00000000  1.00000000  0.00000000  0.00000000
     1.02640596  0.00000000  0.00000000  0.00000000  0.00000000  1.00000000  0.00000000
     0.43769977  0.00000000  0.00000000  0.00000000  0.00000000  0.00000000  1.00000000
$ D-TYPE FUNCTIONS
    5    4    0
    12.44682100  1.14971821  0.00000000  0.00000000  0.00000000
     6.12169170  0.95355196  0.00000000  0.00000000  0.00000000
     2.71029490  0.00000000  1.00000000  0.00000000  0.00000000
     1.15240610  0.00000000  0.00000000  1.00000000  0.00000000
     0.41386174  0.00000000  0.00000000  0.00000000  1.00000000
$ F-TYPE FUNCTIONS
    3    3    0
     4.77935390  0.36170900  0.00000000  0.00000000
     2.32046420  0.00000000  1.78111990  0.00000000
     1.09128040  0.00000000  0.00000000  0.45330353
$ G-TYPE FUNCTIONS
    1    1    0
     2.33831070  1.00000000
$ Element = F
a 9
$ S-TYPE FUNCTIONS
    8    8    0
   423.09461295  0.76390649  0.00000000  0.00000000  0.00000000  0.00000000  0.00000000
     0.00000000  0.00000000
    94.25656621  0.00000000  1.36572654  0.00000000  0.00000000  0.00000000  0.00000000
     0.00000000  0.00000000
    32.83700743  0.00000000  0.00000000  0.46102666  0.00000000  0.00000000  0.00000000
     0.00000000  0.00000000
    11.82804368  0.00000000  0.00000000  0.00000000  1.00000000  0.00000000  0.00000000
     0.00000000  0.00000000
     4.57669070  0.00000000  0.00000000  0.00000000  0.00000000  1.00000000  0.00000000
     0.00000000  0.00000000
     2.03364328  0.00000000  0.00000000  0.00000000  0.00000000  0.00000000  1.00000000
     0.00000000  0.00000000
     0.98129033  0.00000000  0.00000000  0.00000000  0.00000000  0.00000000  0.00000000
     1.00000000  0.00000000
     0.39644813  0.00000000  0.00000000  0.00000000  0.00000000  0.00000000  0.00000000
     0.00000000  1.00000000
$ P-TYPE FUNCTIONS
    6    6    0
    53.94494177  1.59714200  0.00000000  0.00000000  0.00000000  0.00000000  0.00000000
    14.01875386  0.00000000  1.12931208  0.00000000  0.00000000  0.00000000  0.00000000
     4.90086412  0.00000000  0.00000000  1.00000000  0.00000000  0.00000000  0.00000000
     2.53312778  0.00000000  0.00000000  0.00000000  1.00000000  0.00000000  0.00000000
     1.17650888  0.00000000  0.00000000  0.00000000  0.00000000  1.00000000  0.00000000
     0.52636887  0.00000000  0.00000000  0.00000000  0.00000000  0.00000000  1.00000000
$ D-TYPE FUNCTIONS
    5    4    0
    25.04696132  0.59910575  0.00000000  0.00000000  0.00000000
     9.58418954  1.00663766  0.00000000  0.00000000  0.00000000
     3.48946293  0.00000000  1.00000000  0.00000000  0.00000000
     1.58103228  0.00000000  0.00000000  1.00000000  0.00000000
     0.50968658  0.00000000  0.00000000  0.00000000  1.00000000
$ F-TYPE FUNCTIONS
    3    3    0
     6.51676748  0.17116274  0.00000000  0.00000000
     3.08300338  0.00000000  1.44883740  0.00000000
     1.43439592  0.00000000  0.00000000  0.43282911
$ G-TYPE FUNCTIONS
   1   1    0
     3.12578867  1.00000000
$ Element = Ne
a 10
$ S-TYPE FUNCTIONS
    8    8    0
   626.22700000  1.00000000  0.00000000  0.00000000  0.00000000  0.00000000  0.00000000
     0.00000000  0.00000000
   141.09000000  0.00000000  1.00000000  0.00000000  0.00000000  0.00000000  0.00000000
     0.00000000  0.00000000
    29.47060000  0.00000000  0.00000000  1.00000000  0.00000000  0.00000000  0.00000000
     0.00000000  0.00000000
    11.32040000  0.00000000  0.00000000  0.00000000  1.00000000  0.00000000  0.00000000
     0.00000000  0.00000000
     4.62065000  0.00000000  0.00000000  0.00000000  0.00000000  1.00000000  0.00000000
     0.00000000  0.00000000
     1.88601000  0.00000000  0.00000000  0.00000000  0.00000000  0.00000000  1.00000000
     0.00000000  0.00000000
     1.09986000  0.00000000  0.00000000  0.00000000  0.00000000  0.00000000  0.00000000
     1.00000000  0.00000000
     0.50649600  0.00000000  0.00000000  0.00000000  0.00000000  0.00000000  0.00000000
     0.00000000  1.00000000
$ P-TYPE FUNCTIONS
    6    6    0
    89.15690000  1.00000000  0.00000000  0.00000000  0.00000000  0.00000000  0.00000000
    25.14560000  0.00000000  1.00000000  0.00000000  0.00000000  0.00000000  0.00000000
     8.54541000  0.00000000  0.00000000  1.00000000  0.00000000  0.00000000  0.00000000
     3.87801000  0.00000000  0.00000000  0.00000000  1.00000000  0.00000000  0.00000000
     1.61638000  0.00000000  0.00000000  0.00000000  0.00000000  1.00000000  0.00000000
     0.67641200  0.00000000  0.00000000  0.00000000  0.00000000  0.00000000  1.00000000
$ D-TYPE FUNCTIONS
    5    4    0
    25.04700000  0.70145800  0.00000000  0.00000000  0.00000000
     9.58419000  0.99166700  0.00000000  0.00000000  0.00000000
     4.56241000  0.00000000  1.00000000  0.00000000  0.00000000
     2.14273000  0.00000000  0.00000000  1.00000000  0.00000000
     0.62785300  0.00000000  0.00000000  0.00000000  1.00000000
$ F-TYPE FUNCTIONS
    3    3    0
     9.17098000  1.00000000  0.00000000  0.00000000
     4.20953000  0.00000000  1.00000000  0.00000000
     1.90355000  0.00000000  0.00000000  1.00000000
$ G-TYPE FUNCTIONS
    1    1    0
     4.10996000  1.00000000
$
$TODO
$$ Element = Na
$a 11
$$ S-TYPE FUNCTIONS
$   10   10    0
$   217.1300000000    1.00000000000    0.00000000000    0.00000000000
$                     0.00000000000    0.00000000000    0.00000000000
$                     0.00000000000    0.00000000000    0.00000000000
$                     0.00000000000
$    80.1297000000    0.00000000000    1.00000000000    0.00000000000
$                     0.00000000000    0.00000000000    0.00000000000
$                     0.00000000000    0.00000000000    0.00000000000
$                     0.00000000000
$    30.5754000000    0.00000000000    0.00000000000    1.00000000000
$                     0.00000000000    0.00000000000    0.00000000000
$                     0.00000000000    0.00000000000    0.00000000000
$                     0.00000000000
$    11.5974000000    0.00000000000    0.00000000000    0.00000000000
$                     1.00000000000    0.00000000000    0.00000000000
$                     0.00000000000    0.00000000000    0.00000000000
$                     0.00000000000
$     4.4544100000    0.00000000000    0.00000000000    0.00000000000
$                     0.00000000000    1.00000000000    0.00000000000
$                     0.00000000000    0.00000000000    0.00000000000
$                     0.00000000000
$     1.7642600000    0.00000000000    0.00000000000    0.00000000000
$                     0.00000000000    0.00000000000    1.00000000000
$                     0.00000000000    0.00000000000    0.00000000000
$                     0.00000000000
$     0.8343600000    0.00000000000    0.00000000000    0.00000000000
$                     0.00000000000    0.00000000000    0.00000000000
$                     1.00000000000    0.00000000000    0.00000000000
$                     0.00000000000
$     0.3678790000    0.00000000000    0.00000000000    0.00000000000
$                     0.00000000000    0.00000000000    0.00000000000
$                     0.00000000000    1.00000000000    0.00000000000
$                     0.00000000000
$     0.1600690000    0.00000000000    0.00000000000    0.00000000000
$                     0.00000000000    0.00000000000    0.00000000000
$                     0.00000000000    0.00000000000    1.00000000000
$                     0.00000000000
$     0.0695912000    0.00000000000    0.00000000000    0.00000000000
$                     0.00000000000    0.00000000000    0.00000000000
$                     0.00000000000    0.00000000000    0.00000000000
$                     1.00000000000
$$ P-TYPE FUNCTIONS
$   8   8    0
$    43.0412000000    1.00000000000    0.00000000000    0.00000000000
$                     0.00000000000    0.00000000000    0.00000000000
$                     0.00000000000    0.00000000000
$    14.6233000000    0.00000000000    1.00000000000    0.00000000000
$                     0.00000000000    0.00000000000    0.00000000000
$                     0.00000000000    0.00000000000
$     4.9224000000    0.00000000000    0.00000000000    1.00000000000
$                     0.00000000000    0.00000000000    0.00000000000
$                     0.00000000000    0.00000000000
$     2.8560400000    0.00000000000    0.00000000000    0.00000000000
$                     1.00000000000    0.00000000000    0.00000000000
$                     0.00000000000    0.00000000000
$     1.0143900000    0.00000000000    0.00000000000    0.00000000000
$                     0.00000000000    1.00000000000    0.00000000000
$                     0.00000000000    0.00000000000
$     0.4399450000    0.00000000000    0.00000000000    0.00000000000
$                     0.00000000000    0.00000000000    1.00000000000
$                     0.00000000000    0.00000000000
$     0.1387290000    0.00000000000    0.00000000000    0.00000000000
$                     0.00000000000    0.00000000000    0.00000000000
$                     1.00000000000    0.00000000000
$     0.0840476000    0.00000000000    0.00000000000    0.00000000000
$                     0.00000000000    0.00000000000    0.00000000000
$                     0.00000000000    1.00000000000
$$ D-TYPE FUNCTIONS
$   6   6    0
$    25.2310000000    1.00000000000    0.00000000000    0.00000000000
$                     0.00000000000    0.00000000000    0.00000000000
$     8.5223600000    0.00000000000    1.00000000000    0.00000000000
$                     0.00000000000    0.00000000000    0.00000000000
$     3.8167200000    0.00000000000    0.00000000000    1.00000000000
$                     0.00000000000    0.00000000000    0.00000000000
$     1.1589000000    0.00000000000    0.00000000000    0.00000000000
$                     1.00000000000    0.00000000000    0.00000000000
$     0.5135510000    0.00000000000    0.00000000000    0.00000000000
$                     0.00000000000    1.00000000000    0.00000000000
$     0.1504270000    0.00000000000    0.00000000000    0.00000000000
$                     0.00000000000    0.00000000000    1.00000000000
$$ F-TYPE FUNCTIONS
$   5   5    0
$     8.4895400000    1.00000000000    0.00000000000    0.00000000000
$                     0.00000000000    0.00000000000
$     3.9339400000    0.00000000000    1.00000000000    0.00000000000
$                     0.00000000000    0.00000000000
$     1.2194900000    0.00000000000    0.00000000000    1.00000000000
$                     0.00000000000    0.00000000000
$     0.4997300000    0.00000000000    0.00000000000    0.00000000000
$                     1.00000000000    0.00000000000
$     0.1997530000    0.00000000000    0.00000000000    0.00000000000
$                     0.00000000000    1.00000000000
$$ Element = Mg
$a 12
$$ S-TYPE FUNCTIONS
$   10   10    0
$   217.7800000000    1.00000000000    0.00000000000    0.00000000000
$                     0.00000000000    0.00000000000    0.00000000000
$                     0.00000000000    0.00000000000    0.00000000000
$                     0.00000000000
$    76.5198000000    0.00000000000    1.00000000000    0.00000000000
$                     0.00000000000    0.00000000000    0.00000000000
$                     0.00000000000    0.00000000000    0.00000000000
$                     0.00000000000
$    28.5192000000    0.00000000000    0.00000000000    1.00000000000
$                     0.00000000000    0.00000000000    0.00000000000
$                     0.00000000000    0.00000000000    0.00000000000
$                     0.00000000000
$    11.7105000000    0.00000000000    0.00000000000    0.00000000000
$                     1.00000000000    0.00000000000    0.00000000000
$                     0.00000000000    0.00000000000    0.00000000000
$                     0.00000000000
$     5.3609700000    0.00000000000    0.00000000000    0.00000000000
$                     0.00000000000    1.00000000000    0.00000000000
$                     0.00000000000    0.00000000000    0.00000000000
$                     0.00000000000
$     2.1278400000    0.00000000000    0.00000000000    0.00000000000
$                     0.00000000000    0.00000000000    1.00000000000
$                     0.00000000000    0.00000000000    0.00000000000
$                     0.00000000000
$     0.9077950000    0.00000000000    0.00000000000    0.00000000000
$                     0.00000000000    0.00000000000    0.00000000000
$                     1.00000000000    0.00000000000    0.00000000000
$                     0.00000000000
$     0.3746070000    0.00000000000    0.00000000000    0.00000000000
$                     0.00000000000    0.00000000000    0.00000000000
$                     0.00000000000    1.00000000000    0.00000000000
$                     0.00000000000
$     0.1696640000    0.00000000000    0.00000000000    0.00000000000
$                     0.00000000000    0.00000000000    0.00000000000
$                     0.00000000000    0.00000000000    1.00000000000
$                     0.00000000000
$     0.0825820000    0.00000000000    0.00000000000    0.00000000000
$                     0.00000000000    0.00000000000    0.00000000000
$                     0.00000000000    0.00000000000    0.00000000000
$                     1.00000000000
$$ P-TYPE FUNCTIONS
$   8   8    0
$    51.3402000000    1.00000000000    0.00000000000    0.00000000000
$                     0.00000000000    0.00000000000    0.00000000000
$                     0.00000000000    0.00000000000
$    13.4595000000    0.00000000000    1.00000000000    0.00000000000
$                     0.00000000000    0.00000000000    0.00000000000
$                     0.00000000000    0.00000000000
$     5.5606800000    0.00000000000    0.00000000000    1.00000000000
$                     0.00000000000    0.00000000000    0.00000000000
$                     0.00000000000    0.00000000000
$     3.6724800000    0.00000000000    0.00000000000    0.00000000000
$                     1.00000000000    0.00000000000    0.00000000000
$                     0.00000000000    0.00000000000
$     1.3477800000    0.00000000000    0.00000000000    0.00000000000
$                     0.00000000000    1.00000000000    0.00000000000
$                     0.00000000000    0.00000000000
$     0.7626160000    0.00000000000    0.00000000000    0.00000000000
$                     0.00000000000    0.00000000000    1.00000000000
$                     0.00000000000    0.00000000000
$     0.2667130000    0.00000000000    0.00000000000    0.00000000000
$                     0.00000000000    0.00000000000    0.00000000000
$                     1.00000000000    0.00000000000
$     0.1084170000    0.00000000000    0.00000000000    0.00000000000
$                     0.00000000000    0.00000000000    0.00000000000
$                     0.00000000000    1.00000000000
$$ D-TYPE FUNCTIONS
$   6   6    0
$    21.8532000000    1.00000000000    0.00000000000    0.00000000000
$                     0.00000000000    0.00000000000    0.00000000000
$     6.0600600000    0.00000000000    1.00000000000    0.00000000000
$                     0.00000000000    0.00000000000    0.00000000000
$     3.3984400000    0.00000000000    0.00000000000    1.00000000000
$                     0.00000000000    0.00000000000    0.00000000000
$     1.2838200000    0.00000000000    0.00000000000    0.00000000000
$                     1.00000000000    0.00000000000    0.00000000000
$     0.3724460000    0.00000000000    0.00000000000    0.00000000000
$                     0.00000000000    1.00000000000    0.00000000000
$     0.1318730000    0.00000000000    0.00000000000    0.00000000000
$                     0.00000000000    0.00000000000    1.00000000000
$$ F-TYPE FUNCTIONS
$   4   4    0
$    10.7197000000    1.00000000000    0.00000000000    0.00000000000
$                     0.00000000000
$     5.0737900000    0.00000000000    1.00000000000    0.00000000000
$                     0.00000000000
$     1.2132000000    0.00000000000    0.00000000000    1.00000000000
$                     0.00000000000
$     0.3070750000    0.00000000000    0.00000000000    0.00000000000
$                     1.00000000000
$$ Element = Al
$a 13
$$ S-TYPE FUNCTIONS
$   11   11    0
$   300.7042000000    1.18256078000    0.00000000000    0.00000000000
$                     0.00000000000    0.00000000000    0.00000000000
$                     0.00000000000    0.00000000000    0.00000000000
$                     0.00000000000    0.00000000000
$   104.8277100000    0.00000000000    0.75032101000    0.00000000000
$                     0.00000000000    0.00000000000    0.00000000000
$                     0.00000000000    0.00000000000    0.00000000000
$                     0.00000000000    0.00000000000
$    40.6171360000    0.00000000000    0.00000000000    0.78924033000
$                     0.00000000000    0.00000000000    0.00000000000
$                     0.00000000000    0.00000000000    0.00000000000
$                     0.00000000000    0.00000000000
$    16.2264530000    0.00000000000    0.00000000000    0.00000000000
$                     1.00000000000    0.00000000000    0.00000000000
$                     0.00000000000    0.00000000000    0.00000000000
$                     0.00000000000    0.00000000000
$     6.8105249000    0.00000000000    0.00000000000    0.00000000000
$                     0.00000000000    1.00000000000    0.00000000000
$                     0.00000000000    0.00000000000    0.00000000000
$                     0.00000000000    0.00000000000
$     3.1016033000    0.00000000000    0.00000000000    0.00000000000
$                     0.00000000000    0.00000000000    1.00000000000
$                     0.00000000000    0.00000000000    0.00000000000
$                     0.00000000000    0.00000000000
$     1.2923103000    0.00000000000    0.00000000000    0.00000000000
$                     0.00000000000    0.00000000000    0.00000000000
$                     1.00000000000    0.00000000000    0.00000000000
$                     0.00000000000    0.00000000000
$     0.6081401800    0.00000000000    0.00000000000    0.00000000000
$                     0.00000000000    0.00000000000    0.00000000000
$                     0.00000000000    1.00000000000    0.00000000000
$                     0.00000000000    0.00000000000
$     0.2672698500    0.00000000000    0.00000000000    0.00000000000
$                     0.00000000000    0.00000000000    0.00000000000
$                     0.00000000000    0.00000000000    1.00000000000
$                     0.00000000000    0.00000000000
$     0.1446638500    0.00000000000    0.00000000000    0.00000000000
$                     0.00000000000    0.00000000000    0.00000000000
$                     0.00000000000    0.00000000000    0.00000000000
$                     1.00000000000    0.00000000000
$     0.0534909300    0.00000000000    0.00000000000    0.00000000000
$                     0.00000000000    0.00000000000    0.00000000000
$                     0.00000000000    0.00000000000    0.00000000000
$                     0.00000000000    1.00000000000
$$ P-TYPE FUNCTIONS
$   8   8    0
$    77.9751080000   -0.82198532000    0.00000000000    0.00000000000
$                     0.00000000000    0.00000000000    0.00000000000
$                     0.00000000000    0.00000000000
$     9.5556363500    0.00000000000    0.83563139000    0.00000000000
$                     0.00000000000    0.00000000000    0.00000000000
$                     0.00000000000    0.00000000000
$     5.6209625600    0.00000000000    0.00000000000    1.80463505000
$                     0.00000000000    0.00000000000    0.00000000000
$                     0.00000000000    0.00000000000
$     2.1992677000    0.00000000000    0.00000000000    0.00000000000
$                     1.00000000000    0.00000000000    0.00000000000
$                     0.00000000000    0.00000000000
$     0.8513466300    0.00000000000    0.00000000000    0.00000000000
$                     0.00000000000    1.00000000000    0.00000000000
$                     0.00000000000    0.00000000000
$     0.3498443800    0.00000000000    0.00000000000    0.00000000000
$                     0.00000000000    0.00000000000    1.00000000000
$                     0.00000000000    0.00000000000
$     0.1673435400    0.00000000000    0.00000000000    0.00000000000
$                     0.00000000000    0.00000000000    0.00000000000
$                     1.00000000000    0.00000000000
$     0.0724310200    0.00000000000    0.00000000000    0.00000000000
$                     0.00000000000    0.00000000000    0.00000000000
$                     0.00000000000    1.00000000000
$$ D-TYPE FUNCTIONS
$   7   7    0
$    35.7941330000    0.86201923000    0.00000000000    0.00000000000
$                     0.00000000000    0.00000000000    0.00000000000
$                     0.00000000000
$    12.0143290000    0.00000000000    1.40646258000    0.00000000000
$                     0.00000000000    0.00000000000    0.00000000000
$                     0.00000000000
$     4.4013968000    0.00000000000    0.00000000000    0.59250754000
$                     0.00000000000    0.00000000000    0.00000000000
$                     0.00000000000
$     2.1081375000    0.00000000000    0.00000000000    0.00000000000
$                     1.00000000000    0.00000000000    0.00000000000
$                     0.00000000000
$     0.9656198100    0.00000000000    0.00000000000    0.00000000000
$                     0.00000000000    1.00000000000    0.00000000000
$                     0.00000000000
$     0.4461274300    0.00000000000    0.00000000000    0.00000000000
$                     0.00000000000    0.00000000000    1.00000000000
$                     0.00000000000
$     0.1954932400    0.00000000000    0.00000000000    0.00000000000
$                     0.00000000000    0.00000000000    0.00000000000
$                     1.00000000000
$$ F-TYPE FUNCTIONS
$   5   5    0
$     5.7814992206    1.00000000000    0.00000000000    0.00000000000
$                     0.00000000000    0.00000000000
$     2.6295880422    0.00000000000    1.00000000000    0.00000000000
$                     0.00000000000    0.00000000000
$     0.6840435099    0.00000000000    0.00000000000    1.00000000000
$                     0.00000000000    0.00000000000
$     0.4583670664    0.00000000000    0.00000000000    0.00000000000
$                     1.00000000000    0.00000000000
$     0.2067709632    0.00000000000    0.00000000000    0.00000000000
$                     0.00000000000    1.00000000000
$$ G-TYPE FUNCTIONS
$   2   2    0
$     1.3010473175    1.00000000000    0.00000000000
$     0.3511123943    0.00000000000    1.00000000000
$$ Element = Si
$a 14
$$ S-TYPE FUNCTIONS
$   11   11    0
$   252.9531600000    1.51090391000    0.00000000000    0.00000000000
$                     0.00000000000    0.00000000000    0.00000000000
$                     0.00000000000    0.00000000000    0.00000000000
$                     0.00000000000    0.00000000000
$    93.6198010000    0.00000000000   -0.11996911000    0.00000000000
$                     0.00000000000    0.00000000000    0.00000000000
$                     0.00000000000    0.00000000000    0.00000000000
$                     0.00000000000    0.00000000000
$    34.9095570000    0.00000000000    0.00000000000   -0.50047579000
$                     0.00000000000    0.00000000000    0.00000000000
$                     0.00000000000    0.00000000000    0.00000000000
$                     0.00000000000    0.00000000000
$    11.1809530000    0.00000000000    0.00000000000    0.00000000000
$                     1.00000000000    0.00000000000    0.00000000000
$                     0.00000000000    0.00000000000    0.00000000000
$                     0.00000000000    0.00000000000
$     6.5209819000    0.00000000000    0.00000000000    0.00000000000
$                     0.00000000000    1.00000000000    0.00000000000
$                     0.00000000000    0.00000000000    0.00000000000
$                     0.00000000000    0.00000000000
$     3.3821943000    0.00000000000    0.00000000000    0.00000000000
$                     0.00000000000    0.00000000000    1.00000000000
$                     0.00000000000    0.00000000000    0.00000000000
$                     0.00000000000    0.00000000000
$     1.3250942000    0.00000000000    0.00000000000    0.00000000000
$                     0.00000000000    0.00000000000    0.00000000000
$                     1.00000000000    0.00000000000    0.00000000000
$                     0.00000000000    0.00000000000
$     0.5192593600    0.00000000000    0.00000000000    0.00000000000
$                     0.00000000000    0.00000000000    0.00000000000
$                     0.00000000000    1.00000000000    0.00000000000
$                     0.00000000000    0.00000000000
$     0.2452325100    0.00000000000    0.00000000000    0.00000000000
$                     0.00000000000    0.00000000000    0.00000000000
$                     0.00000000000    0.00000000000    1.00000000000
$                     0.00000000000    0.00000000000
$     0.1293553000    0.00000000000    0.00000000000    0.00000000000
$                     0.00000000000    0.00000000000    0.00000000000
$                     0.00000000000    0.00000000000    0.00000000000
$                     1.00000000000    0.00000000000
$     0.0600982400    0.00000000000    0.00000000000    0.00000000000
$                     0.00000000000    0.00000000000    0.00000000000
$                     0.00000000000    0.00000000000    0.00000000000
$                     0.00000000000    1.00000000000
$$ P-TYPE FUNCTIONS
$   8   8    0
$    81.9448870000   -0.64542929000    0.00000000000    0.00000000000
$                     0.00000000000    0.00000000000    0.00000000000
$                     0.00000000000    0.00000000000
$     9.8349535000    0.00000000000    1.54270173000    0.00000000000
$                     0.00000000000    0.00000000000    0.00000000000
$                     0.00000000000    0.00000000000
$     4.8376359000    0.00000000000    0.00000000000    0.33931377000
$                     0.00000000000    0.00000000000    0.00000000000
$                     0.00000000000    0.00000000000
$     1.7786477000    0.00000000000    0.00000000000    0.00000000000
$                    -0.99311150000    0.00000000000    0.00000000000
$                     0.00000000000    0.00000000000
$     0.6933997000    0.00000000000    0.00000000000    0.00000000000
$                     0.00000000000    1.00000000000    0.00000000000
$                     0.00000000000    0.00000000000
$     0.4078821800    0.00000000000    0.00000000000    0.00000000000
$                     0.00000000000    0.00000000000    1.00000000000
$                     0.00000000000    0.00000000000
$     0.1563260300    0.00000000000    0.00000000000    0.00000000000
$                     0.00000000000    0.00000000000    0.00000000000
$                     1.51139817000    0.00000000000
$     0.0826336800    0.00000000000    0.00000000000    0.00000000000
$                     0.00000000000    0.00000000000    0.00000000000
$                     0.00000000000    0.00004577000
$$ D-TYPE FUNCTIONS
$   7   7    0
$    47.1663600000    0.78720200000    0.00000000000    0.00000000000
$                     0.00000000000    0.00000000000    0.00000000000
$                     0.00000000000
$    15.0000780000    0.00000000000    1.80566812000    0.00000000000
$                     0.00000000000    0.00000000000    0.00000000000
$                     0.00000000000
$     3.9646776000    0.00000000000    0.00000000000    0.70726547000
$                     0.00000000000    0.00000000000    0.00000000000
$                     0.00000000000
$     2.3321633000    0.00000000000    0.00000000000    0.00000000000
$                    -0.30684335000    0.00000000000    0.00000000000
$                     0.00000000000
$     0.6527345100    0.00000000000    0.00000000000    0.00000000000
$                     0.00000000000    1.00000000000    0.00000000000
$                     0.00000000000
$     0.3684865200    0.00000000000    0.00000000000    0.00000000000
$                     0.00000000000    0.00000000000    1.00000000000
$                     0.00000000000
$     0.1591656000    0.00000000000    0.00000000000    0.00000000000
$                     0.00000000000    0.00000000000    0.00000000000
$                     1.00000000000
$$ F-TYPE FUNCTIONS
$   5   5    0
$     7.9401974957    1.00000000000    0.00000000000    0.00000000000
$                     0.00000000000    0.00000000000
$     3.5489998282    0.00000000000    1.00000000000    0.00000000000
$                     0.00000000000    0.00000000000
$     1.3000060620    0.00000000000    0.00000000000    1.00000000000
$                     0.00000000000    0.00000000000
$     0.6156394217    0.00000000000    0.00000000000    0.00000000000
$                     1.00000000000    0.00000000000
$     0.2915506775    0.00000000000    0.00000000000    0.00000000000
$                     0.00000000000    1.00000000000
$$ G-TYPE FUNCTIONS
$   2   2    0
$     1.8443341045    1.00000000000    0.00000000000
$     0.5122436931    0.00000000000    1.00000000000
$$ Element = P
$a 15
$$ S-TYPE FUNCTIONS
$   11   11    0
$   299.0223912700    1.18280040000    0.00000000000    0.00000000000
$                     0.00000000000    0.00000000000    0.00000000000
$                     0.00000000000    0.00000000000    0.00000000000
$                     0.00000000000    0.00000000000
$   105.5310401700    0.00000000000    0.06130569000    0.00000000000
$                     0.00000000000    0.00000000000    0.00000000000
$                     0.00000000000    0.00000000000    0.00000000000
$                     0.00000000000    0.00000000000
$    38.4566614000    0.00000000000    0.00000000000   -0.67542636000
$                     0.00000000000    0.00000000000    0.00000000000
$                     0.00000000000    0.00000000000    0.00000000000
$                     0.00000000000    0.00000000000
$    13.1815104300    0.00000000000    0.00000000000    0.00000000000
$                     1.00000000000    0.00000000000    0.00000000000
$                     0.00000000000    0.00000000000    0.00000000000
$                     0.00000000000    0.00000000000
$     7.6713515300    0.00000000000    0.00000000000    0.00000000000
$                     0.00000000000    1.00000000000    0.00000000000
$                     0.00000000000    0.00000000000    0.00000000000
$                     0.00000000000    0.00000000000
$     4.0340941500    0.00000000000    0.00000000000    0.00000000000
$                     0.00000000000    0.00000000000    1.00000000000
$                     0.00000000000    0.00000000000    0.00000000000
$                     0.00000000000    0.00000000000
$     1.6945502300    0.00000000000    0.00000000000    0.00000000000
$                     0.00000000000    0.00000000000    0.00000000000
$                     1.00000000000    0.00000000000    0.00000000000
$                     0.00000000000    0.00000000000
$     0.7276457300    0.00000000000    0.00000000000    0.00000000000
$                     0.00000000000    0.00000000000    0.00000000000
$                     0.00000000000    1.00000000000    0.00000000000
$                     0.00000000000    0.00000000000
$     0.3171840000    0.00000000000    0.00000000000    0.00000000000
$                     0.00000000000    0.00000000000    0.00000000000
$                     0.00000000000    0.00000000000    1.00000000000
$                     0.00000000000    0.00000000000
$     0.1635830600    0.00000000000    0.00000000000    0.00000000000
$                     0.00000000000    0.00000000000    0.00000000000
$                     0.00000000000    0.00000000000    0.00000000000
$                     1.00000000000    0.00000000000
$     0.0800737500    0.00000000000    0.00000000000    0.00000000000
$                     0.00000000000    0.00000000000    0.00000000000
$                     0.00000000000    0.00000000000    0.00000000000
$                     0.00000000000    1.00000000000
$$ P-TYPE FUNCTIONS
$   8   8    0
$    89.3144073300   -0.61569414000    0.00000000000    0.00000000000
$                     0.00000000000    0.00000000000    0.00000000000
$                     0.00000000000    0.00000000000
$    12.4512271500    0.00000000000    1.30267720000    0.00000000000
$                     0.00000000000    0.00000000000    0.00000000000
$                     0.00000000000    0.00000000000
$     6.1856931700    0.00000000000    0.00000000000    0.37332846000
$                     0.00000000000    0.00000000000    0.00000000000
$                     0.00000000000    0.00000000000
$     2.2022185400    0.00000000000    0.00000000000    0.00000000000
$                    -0.53223460000    0.00000000000    0.00000000000
$                     0.00000000000    0.00000000000
$     0.8743075600    0.00000000000    0.00000000000    0.00000000000
$                     0.00000000000    1.00000000000    0.00000000000
$                     0.00000000000    0.00000000000
$     0.5256028700    0.00000000000    0.00000000000    0.00000000000
$                     0.00000000000    0.00000000000    0.50000186000
$                     0.00000000000    0.00000000000
$     0.2094277700    0.00000000000    0.00000000000    0.00000000000
$                     0.00000000000    0.00000000000    0.00000000000
$                     0.49999414000    0.00000000000
$     0.1166699400    0.00000000000    0.00000000000    0.00000000000
$                     0.00000000000    0.00000000000    0.00000000000
$                     0.00000000000    0.50002289000
$$ D-TYPE FUNCTIONS
$   7   7    0
$    54.5224196100    0.63626601000    0.00000000000    0.00000000000
$                     0.00000000000    0.00000000000    0.00000000000
$                     0.00000000000
$    17.5855216200    0.00000000000    1.54574911000    0.00000000000
$                     0.00000000000    0.00000000000    0.00000000000
$                     0.00000000000
$     5.0562699700    0.00000000000    0.00000000000    0.48209388000
$                     0.00000000000    0.00000000000    0.00000000000
$                     0.00000000000
$     2.7850942700    0.00000000000    0.00000000000    0.00000000000
$                     0.11242962000    0.00000000000    0.00000000000
$                     0.00000000000
$     0.8643616500    0.00000000000    0.00000000000    0.00000000000
$                     0.00000000000    1.00000000000    0.00000000000
$                     0.00000000000
$     0.4826447600    0.00000000000    0.00000000000    0.00000000000
$                     0.00000000000    0.00000000000    1.00000000000
$                     0.00000000000
$     0.2038835100    0.00000000000    0.00000000000    0.00000000000
$                     0.00000000000    0.00000000000    0.00000000000
$                     1.00000000000
$$ F-TYPE FUNCTIONS
$   5   5    0
$     9.0738102843    1.00000000000    0.00000000000    0.00000000000
$                     0.00000000000    0.00000000000
$     3.5046468322    0.00000000000    1.00000000000    0.00000000000
$                     0.00000000000    0.00000000000
$     1.3807901291    0.00000000000    0.00000000000    1.00000000000
$                     0.00000000000    0.00000000000
$     0.7561513922    0.00000000000    0.00000000000    0.00000000000
$                     1.00000000000    0.00000000000
$     0.3848138669    0.00000000000    0.00000000000    0.00000000000
$                     0.00000000000    1.00000000000
$$ G-TYPE FUNCTIONS
$   2   2    0
$     2.5412556753    1.00000000000    0.00000000000
$     0.6963092469    0.00000000000    1.00000000000
$$ Element = S
$a 16
$$ S-TYPE FUNCTIONS
$   11   11    0
$   345.0916225300    1.48919937000    0.00000000000    0.00000000000
$                     0.00000000000    0.00000000000    0.00000000000
$                     0.00000000000    0.00000000000    0.00000000000
$                     0.00000000000    0.00000000000
$   117.4422793400    0.00000000000    0.17581282000    0.00000000000
$                     0.00000000000    0.00000000000    0.00000000000
$                     0.00000000000    0.00000000000    0.00000000000
$                     0.00000000000    0.00000000000
$    42.0037658000    0.00000000000    0.00000000000   -1.09169378000
$                     0.00000000000    0.00000000000    0.00000000000
$                     0.00000000000    0.00000000000    0.00000000000
$                     0.00000000000    0.00000000000
$    15.1820678500    0.00000000000    0.00000000000    0.00000000000
$                     1.00000000000    0.00000000000    0.00000000000
$                     0.00000000000    0.00000000000    0.00000000000
$                     0.00000000000    0.00000000000
$     8.8217211500    0.00000000000    0.00000000000    0.00000000000
$                     0.00000000000    1.00000000000    0.00000000000
$                     0.00000000000    0.00000000000    0.00000000000
$                     0.00000000000    0.00000000000
$     4.6859940100    0.00000000000    0.00000000000    0.00000000000
$                     0.00000000000    0.00000000000    1.00000000000
$                     0.00000000000    0.00000000000    0.00000000000
$                     0.00000000000    0.00000000000
$     2.0640062600    0.00000000000    0.00000000000    0.00000000000
$                     0.00000000000    0.00000000000    0.00000000000
$                     1.00000000000    0.00000000000    0.00000000000
$                     0.00000000000    0.00000000000
$     0.9360320900    0.00000000000    0.00000000000    0.00000000000
$                     0.00000000000    0.00000000000    0.00000000000
$                     0.00000000000    1.00000000000    0.00000000000
$                     0.00000000000    0.00000000000
$     0.3891354900    0.00000000000    0.00000000000    0.00000000000
$                     0.00000000000    0.00000000000    0.00000000000
$                     0.00000000000    0.00000000000    1.00000000000
$                     0.00000000000    0.00000000000
$     0.1978108200    0.00000000000    0.00000000000    0.00000000000
$                     0.00000000000    0.00000000000    0.00000000000
$                     0.00000000000    0.00000000000    0.00000000000
$                     1.00000000000    0.00000000000
$     0.1000492500    0.00000000000    0.00000000000    0.00000000000
$                     0.00000000000    0.00000000000    0.00000000000
$                     0.00000000000    0.00000000000    0.00000000000
$                     0.00000000000    1.00000000000
$$ P-TYPE FUNCTIONS
$   8   8    0
$    96.6839276600   -0.79923793000    0.00000000000    0.00000000000
$                     0.00000000000    0.00000000000    0.00000000000
$                     0.00000000000    0.00000000000
$    15.0675008000    0.00000000000    1.54346023000    0.00000000000
$                     0.00000000000    0.00000000000    0.00000000000
$                     0.00000000000    0.00000000000
$     7.5337504400    0.00000000000    0.00000000000    0.43808368000
$                     0.00000000000    0.00000000000    0.00000000000
$                     0.00000000000    0.00000000000
$     2.6257893900    0.00000000000    0.00000000000    0.00000000000
$                     1.00000000000    0.00000000000    0.00000000000
$                     0.00000000000    0.00000000000
$     1.1733056400    0.00000000000    0.00000000000    0.00000000000
$                     0.00000000000    1.00000000000    0.00000000000
$                     0.00000000000    0.00000000000
$     0.6312515300    0.00000000000    0.00000000000    0.00000000000
$                     0.00000000000    0.00000000000    1.00000000000
$                     0.00000000000    0.00000000000
$     0.3245487300    0.00000000000    0.00000000000    0.00000000000
$                     0.00000000000    0.00000000000    0.00000000000
$                     1.00000000000    0.00000000000
$     0.1519205200    0.00000000000    0.00000000000    0.00000000000
$                     0.00000000000    0.00000000000    0.00000000000
$                     0.00000000000    1.00000000000
$$ D-TYPE FUNCTIONS
$   7   7    0
$    61.8784792300    1.07123562000    0.00000000000    0.00000000000
$                     0.00000000000    0.00000000000    0.00000000000
$                     0.00000000000
$    20.1709652300    0.00000000000    1.70422469000    0.00000000000
$                     0.00000000000    0.00000000000    0.00000000000
$                     0.00000000000
$     6.1478623400    0.00000000000    0.00000000000    0.55602682000
$                     0.00000000000    0.00000000000    0.00000000000
$                     0.00000000000
$     3.2380252400    0.00000000000    0.00000000000    0.00000000000
$                     1.00000000000    0.00000000000    0.00000000000
$                     0.00000000000
$     1.1153847000    0.00000000000    0.00000000000    0.00000000000
$                     0.00000000000    1.00000000000    0.00000000000
$                     0.00000000000
$     0.6033666100    0.00000000000    0.00000000000    0.00000000000
$                     0.00000000000    0.00000000000    1.00000000000
$                     0.00000000000
$     0.2422421900    0.00000000000    0.00000000000    0.00000000000
$                     0.00000000000    0.00000000000    0.00000000000
$                     1.00000000000
$$ F-TYPE FUNCTIONS
$   5   5    0
$    11.3027303260    1.00000000000    0.00000000000    0.00000000000
$                     0.00000000000    0.00000000000
$     4.9503455707    0.00000000000    1.00000000000    0.00000000000
$                     0.00000000000    0.00000000000
$     1.8154279285    0.00000000000    0.00000000000    1.00000000000
$                     0.00000000000    0.00000000000
$     1.0290097097    0.00000000000    0.00000000000    0.00000000000
$                     1.00000000000    0.00000000000
$     0.4892003140    0.00000000000    0.00000000000    0.00000000000
$                     0.00000000000    1.00000000000
$$ G-TYPE FUNCTIONS
$   2   2    0
$     2.9569474559    1.00000000000    0.00000000000
$     0.8638382499    0.00000000000    1.00000000000
$$ Element = Cl
$a 17
$$ S-TYPE FUNCTIONS
$   11   11    0
$   385.8900570900    1.48825989000    0.00000000000    0.00000000000
$                     0.00000000000    0.00000000000    0.00000000000
$                     0.00000000000    0.00000000000    0.00000000000
$                     0.00000000000    0.00000000000
$   130.7088319300    0.00000000000   -0.17009471000    0.00000000000
$                     0.00000000000    0.00000000000    0.00000000000
$                     0.00000000000    0.00000000000    0.00000000000
$                     0.00000000000    0.00000000000
$    46.5374942900    0.00000000000    0.00000000000   -0.73044381000
$                     0.00000000000    0.00000000000    0.00000000000
$                     0.00000000000    0.00000000000    0.00000000000
$                     0.00000000000    0.00000000000
$    17.2464025800    0.00000000000    0.00000000000    0.00000000000
$                     1.00000000000    0.00000000000    0.00000000000
$                     0.00000000000    0.00000000000    0.00000000000
$                     0.00000000000    0.00000000000
$     9.2729190600    0.00000000000    0.00000000000    0.00000000000
$                     0.00000000000    1.00000000000    0.00000000000
$                     0.00000000000    0.00000000000    0.00000000000
$                     0.00000000000    0.00000000000
$     5.0191758400    0.00000000000    0.00000000000    0.00000000000
$                     0.00000000000    0.00000000000    1.00000000000
$                     0.00000000000    0.00000000000    0.00000000000
$                     0.00000000000    0.00000000000
$     2.3435235500    0.00000000000    0.00000000000    0.00000000000
$                     0.00000000000    0.00000000000    0.00000000000
$                     1.00000000000    0.00000000000    0.00000000000
$                     0.00000000000    0.00000000000
$     1.1583022200    0.00000000000    0.00000000000    0.00000000000
$                     0.00000000000    0.00000000000    0.00000000000
$                     0.00000000000    1.00000000000    0.00000000000
$                     0.00000000000    0.00000000000
$     0.5606286600    0.00000000000    0.00000000000    0.00000000000
$                     0.00000000000    0.00000000000    0.00000000000
$                     0.00000000000    0.00000000000    1.00000000000
$                     0.00000000000    0.00000000000
$     0.2644556200    0.00000000000    0.00000000000    0.00000000000
$                     0.00000000000    0.00000000000    0.00000000000
$                     0.00000000000    0.00000000000    0.00000000000
$                     1.00000000000    0.00000000000
$     0.1293823500    0.00000000000    0.00000000000    0.00000000000
$                     0.00000000000    0.00000000000    0.00000000000
$                     0.00000000000    0.00000000000    0.00000000000
$                     0.00000000000    1.00000000000
$$ P-TYPE FUNCTIONS
$   8   8    0
$    97.8577634800   -0.75584284000    0.00000000000    0.00000000000
$                     0.00000000000    0.00000000000    0.00000000000
$                     0.00000000000    0.00000000000
$    17.0050914600    0.00000000000    1.59383591000    0.00000000000
$                     0.00000000000    0.00000000000    0.00000000000
$                     0.00000000000    0.00000000000
$    10.0029949700    0.00000000000    0.00000000000    0.27403007000
$                     0.00000000000    0.00000000000    0.00000000000
$                     0.00000000000    0.00000000000
$     3.1216143100    0.00000000000    0.00000000000    0.00000000000
$                    -8.01712910000    0.00000000000    0.00000000000
$                     0.00000000000    0.00000000000
$     1.3891770400    0.00000000000    0.00000000000    0.00000000000
$                     0.00000000000    1.00000000000    0.00000000000
$                     0.00000000000    0.00000000000
$     0.8171629600    0.00000000000    0.00000000000    0.00000000000
$                     0.00000000000    0.00000000000    1.00000000000
$                     0.00000000000    0.00000000000
$     0.3689774200    0.00000000000    0.00000000000    0.00000000000
$                     0.00000000000    0.00000000000    0.00000000000
$                     1.00000000000    0.00000000000
$     0.1905002600    0.00000000000    0.00000000000    0.00000000000
$                     0.00000000000    0.00000000000    0.00000000000
$                     0.00000000000    1.00000000000
$$ D-TYPE FUNCTIONS
$   7   7    0
$    72.6401456300    0.69836327000    0.00000000000    0.00000000000
$                     0.00000000000    0.00000000000    0.00000000000
$                     0.00000000000
$    23.8395740200    0.00000000000    0.98150402000    0.00000000000
$                     0.00000000000    0.00000000000    0.00000000000
$                     0.00000000000
$     7.4175145400    0.00000000000    0.00000000000    0.36971355000
$                     0.00000000000    0.00000000000    0.00000000000
$                     0.00000000000
$     4.0967730700    0.00000000000    0.00000000000    0.00000000000
$                     1.11137938000    0.00000000000    0.00000000000
$                     0.00000000000
$     1.3742730300    0.00000000000    0.00000000000    0.00000000000
$                     0.00000000000    1.00000000000    0.00000000000
$                     0.00000000000
$     0.7685223100    0.00000000000    0.00000000000    0.00000000000
$                     0.00000000000    0.00000000000    1.00000000000
$                     0.00000000000
$     0.2910272800    0.00000000000    0.00000000000    0.00000000000
$                     0.00000000000    0.00000000000    0.00000000000
$                     1.00000000000
$$ F-TYPE FUNCTIONS
$   5   5    0
$    13.3346356300    1.00000000000    0.00000000000    0.00000000000
$                     0.00000000000    0.00000000000
$     5.1060775290    0.00000000000    1.00000000000    0.00000000000
$                     0.00000000000    0.00000000000
$     2.0068485693    0.00000000000    0.00000000000    1.00000000000
$                     0.00000000000    0.00000000000
$     1.2815228635    0.00000000000    0.00000000000    0.00000000000
$                     1.00000000000    0.00000000000
$     0.5965838226    0.00000000000    0.00000000000    0.00000000000
$                     0.00000000000    1.00000000000
$$ G-TYPE FUNCTIONS
$   2   2    0
$     3.6953007741    1.00000000000    0.00000000000
$     1.0946908098    0.00000000000    1.00000000000
$$ Element = Ar
$a 18
$$ S-TYPE FUNCTIONS
$   11   11    0
$   581.1840000000    1.00000000000    0.00000000000    0.00000000000
$                     0.00000000000    0.00000000000    0.00000000000
$                     0.00000000000    0.00000000000    0.00000000000
$                     0.00000000000    0.00000000000
$   165.1010000000    0.00000000000    1.00000000000    0.00000000000
$                     0.00000000000    0.00000000000    0.00000000000
$                     0.00000000000    0.00000000000    0.00000000000
$                     0.00000000000    0.00000000000
$    60.0502000000    0.00000000000    0.00000000000    1.00000000000
$                     0.00000000000    0.00000000000    0.00000000000
$                     0.00000000000    0.00000000000    0.00000000000
$                     0.00000000000    0.00000000000
$    15.2676000000    0.00000000000    0.00000000000    0.00000000000
$                     1.00000000000    0.00000000000    0.00000000000
$                     0.00000000000    0.00000000000    0.00000000000
$                     0.00000000000    0.00000000000
$     7.8728600000    0.00000000000    0.00000000000    0.00000000000
$                     0.00000000000    1.00000000000    0.00000000000
$                     0.00000000000    0.00000000000    0.00000000000
$                     0.00000000000    0.00000000000
$     4.8121200000    0.00000000000    0.00000000000    0.00000000000
$                     0.00000000000    0.00000000000    1.00000000000
$                     0.00000000000    0.00000000000    0.00000000000
$                     0.00000000000    0.00000000000
$     2.5148100000    0.00000000000    0.00000000000    0.00000000000
$                     0.00000000000    0.00000000000    0.00000000000
$                     1.00000000000    0.00000000000    0.00000000000
$                     0.00000000000    0.00000000000
$     1.4315100000    0.00000000000    0.00000000000    0.00000000000
$                     0.00000000000    0.00000000000    0.00000000000
$                     0.00000000000    1.00000000000    0.00000000000
$                     0.00000000000    0.00000000000
$     0.6837740000    0.00000000000    0.00000000000    0.00000000000
$                     0.00000000000    0.00000000000    0.00000000000
$                     0.00000000000    0.00000000000    1.00000000000
$                     0.00000000000    0.00000000000
$     0.2867150000    0.00000000000    0.00000000000    0.00000000000
$                     0.00000000000    0.00000000000    0.00000000000
$                     0.00000000000    0.00000000000    0.00000000000
$                     1.00000000000    0.00000000000
$     0.1311500000    0.00000000000    0.00000000000    0.00000000000
$                     0.00000000000    0.00000000000    0.00000000000
$                     0.00000000000    0.00000000000    0.00000000000
$                     0.00000000000    1.00000000000
$$ P-TYPE FUNCTIONS
$   8   8    0
$    95.7281000000    1.00000000000    0.00000000000    0.00000000000
$                     0.00000000000    0.00000000000    0.00000000000
$                     0.00000000000    0.00000000000
$    23.7126000000    0.00000000000    1.00000000000    0.00000000000
$                     0.00000000000    0.00000000000    0.00000000000
$                     0.00000000000    0.00000000000
$     9.5048900000    0.00000000000    0.00000000000    1.00000000000
$                     0.00000000000    0.00000000000    0.00000000000
$                     0.00000000000    0.00000000000
$     3.8799100000    0.00000000000    0.00000000000    0.00000000000
$                     1.00000000000    0.00000000000    0.00000000000
$                     0.00000000000    0.00000000000
$     2.0897500000    0.00000000000    0.00000000000    0.00000000000
$                     0.00000000000    1.00000000000    0.00000000000
$                     0.00000000000    0.00000000000
$     1.1255500000    0.00000000000    0.00000000000    0.00000000000
$                     0.00000000000    0.00000000000    1.00000000000
$                     0.00000000000    0.00000000000
$     0.5583440000    0.00000000000    0.00000000000    0.00000000000
$                     0.00000000000    0.00000000000    0.00000000000
$                     1.00000000000    0.00000000000
$     0.2769740000    0.00000000000    0.00000000000    0.00000000000
$                     0.00000000000    0.00000000000    0.00000000000
$                     0.00000000000    1.00000000000
$$ D-TYPE FUNCTIONS
$   7   7    0
$    82.5392000000    1.00000000000    0.00000000000    0.00000000000
$                     0.00000000000    0.00000000000    0.00000000000
$                     0.00000000000
$    26.2760000000    0.00000000000    1.00000000000    0.00000000000
$                     0.00000000000    0.00000000000    0.00000000000
$                     0.00000000000
$     9.4074400000    0.00000000000    0.00000000000    1.00000000000
$                     0.00000000000    0.00000000000    0.00000000000
$                     0.00000000000
$     3.9125900000    0.00000000000    0.00000000000    0.00000000000
$                     1.00000000000    0.00000000000    0.00000000000
$                     0.00000000000
$     1.6272600000    0.00000000000    0.00000000000    0.00000000000
$                     0.00000000000    1.00000000000    0.00000000000
$                     0.00000000000
$     0.9499050000    0.00000000000    0.00000000000    0.00000000000
$                     0.00000000000    0.00000000000    1.00000000000
$                     0.00000000000
$     0.3479320000    0.00000000000    0.00000000000    0.00000000000
$                     0.00000000000    0.00000000000    0.00000000000
$                     1.00000000000
$$ F-TYPE FUNCTIONS
$   5   5    0
$    15.5863042070    1.00000000000    0.00000000000    0.00000000000
$                     0.00000000000    0.00000000000
$     6.0271769796    0.00000000000    1.00000000000    0.00000000000
$                     0.00000000000    0.00000000000
$     2.3410113748    0.00000000000    0.00000000000    1.00000000000
$                     0.00000000000    0.00000000000
$     1.4865380838    0.00000000000    0.00000000000    0.00000000000
$                     1.00000000000    0.00000000000
$     0.7037088556    0.00000000000    0.00000000000    0.00000000000
$                     0.00000000000    1.00000000000
$$ G-TYPE FUNCTIONS
$   2   2    0
$     4.6932752519    1.00000000000    0.00000000000
$     1.3740549263    0.00000000000    1.00000000000
$END OF BASIS
