 Level   Rel eigenvalue     Abs eigenvalue      Total Energy    Degeneracy

    0     0.0000000000      0.000000000000     -113.360751212612 (   1 * )
    1     0.2179684486      0.217968448567     -113.142782764044 (   6 * )
    2     0.2920913701      0.292091370135     -113.068659842477 (   3 * )
    3     0.3118503049      0.311850304930     -113.048900907681 (   2 * )
    4     0.3196082449      0.319608244945     -113.041142967667 (   3 * )
    5     0.3196082723      0.319608272266     -113.041142940346 (   3 * )
    6     0.3571903374      0.357190337380     -113.003560875232 (   4 * )
    7     0.3713720977      0.371372097692     -112.989379114920 (   1 * )
    8     0.3713721204      0.371372120381     -112.989379092230 (   1 * )
    9     0.3772336605      0.377233660477     -112.983517552135 (   3 * )
   10     0.4005688235      0.400568823512     -112.960182389100 (   1 * )
   11     0.4055211550      0.405521155029     -112.955230057582 (   3 * )
   12     0.4148565628      0.414856562810     -112.945894649802 (   1 * )
   13     0.4154753129      0.415475312869     -112.945275899743 (   6 * )
   14     0.4211386643      0.421138664269     -112.939612548342 (   2 * )
   15     0.4421501163      0.442150116274     -112.918601096338 (   1 * )
