 Symmetry Classification in the Abelian subgroup

 Level  eigenvalue (eV)  Eigenvalue (cm-1)  1A1 |1B1 |1B2 |1A2 |3A1 |3B1 |3B2 |3A2 |

    0        0.000000000          0.000000     1|   0|   0|   0|   0|   0|   0|   0|
    1        5.931223636      47838.544869     0|   0|   0|   0|   0|   3|   3|   0|
    2        7.948211082      64106.645746     0|   0|   0|   0|   3|   0|   0|   0|
    3        8.485879088      68443.230673     0|   1|   1|   0|   0|   0|   0|   0|
    4        8.696983390      70145.901697     0|   0|   0|   0|   0|   0|   0|   3|
    5        8.696984133      70145.907693     0|   0|   0|   0|   3|   0|   0|   0|
    6        9.719644222      78394.217575     0|   0|   0|   1|   0|   0|   0|   3|
    7       10.105549579      81506.754190     0|   0|   0|   1|   0|   0|   0|   0|
    8       10.105550196      81506.759170     1|   0|   0|   0|   0|   0|   0|   0|
    9       10.265050828      82793.218521     0|   0|   0|   0|   3|   0|   0|   0|
   10       10.900032961      87914.694822     1|   0|   0|   0|   0|   0|   0|   0|
   11       11.034792767      89001.605956     0|   0|   0|   0|   3|   0|   0|   0|
   12       11.288822154      91050.491136     1|   0|   0|   0|   0|   0|   0|   0|
   13       11.305659200      91186.291077     0|   0|   0|   0|   0|   3|   3|   0|
   14       11.459766843      92429.253037     0|   1|   1|   0|   0|   0|   0|   0|
   15       12.031517578      97040.733717     0|   0|   0|   0|   0|   0|   1|   0|
