 Energy eigenvalues in atomic units

 Level   Rel eigenvalue     Abs eigenvalue      Total Energy    Degeneracy

    0     0.0000000000      0.000000000000     -113.360753486552 (   1 * )
    1     0.2177547139      0.217754713945     -113.142998772607 (   1 * )
    2     0.2177548426      0.217754842630     -113.142998643923 (   1 * )
    3     0.2179681827      0.217968182656     -113.142785303897 (   2 * )
    4     0.2181824349      0.218182434936     -113.142571051617 (   2 * )
    5     0.2920874557      0.292087455726     -113.068666030827 (   2 * )
    6     0.2920912039      0.292091203926     -113.068662282626 (   1 * )
    7     0.3118487168      0.311848716812     -113.048904769740 (   2 * )
    8     0.3194494091      0.319449409064     -113.041304077488 (   2 * )
    9     0.3196035534      0.319603553362     -113.041149933191 (   1 * )
   10     0.3196035760      0.319603576039     -113.041149910513 (   1 * )
   11     0.3197697403      0.319769740262     -113.040983746290 (   2 * )
   12     0.3571899414      0.357189941378     -113.003563545175 (   1 * )
   13     0.3571902624      0.357190262395     -113.003563224157 (   1 * )
   14     0.3571939414      0.357193941428     -113.003559545124 (   2 * )
   15     0.3713761759      0.371376175880     -112.989377310672 (   1 * )
   16     0.3713761940      0.371376193965     -112.989377292587 (   1 * )
   17     0.3772335791      0.377233579067     -112.983519907486 (   1 * )
   18     0.3772335955      0.377233595510     -112.983519891042 (   2 * )
   19     0.4005686571      0.400568657147     -112.960184829405 (   1 * )
   20     0.4055210630      0.405521062959     -112.955232423594 (   1 * )
   21     0.4055210674      0.405521067358     -112.955232419194 (   2 * )
   22     0.4148563889      0.414856388866     -112.945897097687 (   1 * )
   23     0.4154637983      0.415463798333     -112.945289688219 (   1 * )
   24     0.4154638705      0.415463870460     -112.945289616092 (   1 * )
   25     0.4154752272      0.415475227205     -112.945278259348 (   2 * )
   26     0.4154867237      0.415486723685     -112.945266762867 (   2 * )
   27     0.4211386126      0.421138612595     -112.939614873957 (   2 * )
   28     0.4420085576      0.442008557560     -112.918744928993 (   1 * )


 Total average:      -113.0232469843


 Relative real eigenvalues in other units;
 Symmetry Classification in the Abelian subgroup

 Level  eigenvalue (eV)  Eigenvalue (cm-1)   0+ | 0- | 1  | 2  | 3  |
    0        0.000000000          0.000000     1|   0|   0|   0|   0|
    1        5.925407621      47791.635542     0|   1|   0|   0|   0|
    2        5.925411122      47791.663785     1|   0|   0|   0|   0|
    3        5.931216400      47838.486508     0|   0|   2|   0|   0|
    4        5.937046502      47885.509448     0|   0|   0|   2|   0|
    5        7.948104566      64105.786632     0|   0|   2|   0|   0|
    6        7.948206559      64106.609267     0|   1|   0|   0|   0|
    7        8.485835873      68442.882122     0|   0|   2|   0|   0|
    8        8.692661245      70111.041251     0|   0|   0|   0|   2|
    9        8.696855725      70144.872014     0|   0|   0|   1|   0|
   10        8.696856343      70144.876991     0|   0|   0|   1|   0|
   11        8.701377901      70181.345822     0|   0|   2|   0|   0|
   12        9.719633446      78394.130663     1|   0|   0|   0|   0|
   13        9.719642181      78394.201118     0|   1|   0|   0|   0|
   14        9.719742293      78395.008572     0|   0|   2|   0|   0|
   15       10.105660552      81507.649249     0|   0|   0|   1|   0|
   16       10.105661044      81507.653218     0|   0|   0|   1|   0|
   17       10.265048612      82793.200653     0|   1|   0|   0|   0|
   18       10.265049060      82793.204262     0|   0|   2|   0|   0|
   19       10.900028434      87914.658309     1|   0|   0|   0|   0|
   20       11.034790262      89001.585749     0|   1|   0|   0|   0|
   21       11.034790381      89001.586714     0|   0|   2|   0|   0|
   22       11.288817420      91050.452960     1|   0|   0|   0|   0|
   23       11.305345874      91183.763928     0|   1|   0|   0|   0|
   24       11.305347837      91183.779759     1|   0|   0|   0|   0|
   25       11.305656869      91186.272276     0|   0|   2|   0|   0|
   26       11.305969704      91188.795462     0|   0|   0|   2|   0|
   27       11.459765436      92429.241696     0|   0|   2|   0|   0|
   28       12.027665569      97009.665171     1|   0|   0|   0|   0|
