$Basis = ucc-pVTZ-DK3
$
$ Douglas-Kroll correlation consistent polarized Valence Triple-zeta Basis Set
$
$ Elements Supported
$ Te
$
$ REFERENCE
$   D.H. Bross and K.A. Peterson, Theor. Chem. Acc. 133, 1434 (2014).
$
a 49
! INDIUM       (28s,21p,14d,1f) -> [7s,6p,4d,1f]
! s functions
   28    0    0
 4.436065E+08
 7.496149E+07
 1.621421E+07
 4.286444E+06
 1.330849E+06
 4.690714E+05
 1.824060E+05
 7.643735E+04
 3.386732E+04
 1.563060E+04
 7.429677E+03
 3.607574E+03
 1.779653E+03
 8.890555E+02
 4.491276E+02
 2.294086E+02
 1.185713E+02
 6.208556E+01
 3.297132E+01
 1.777028E+01
 9.716880E+00
 5.381261E+00
 3.007489E+00
 1.492870E+00
 7.289785E-01
 2.195798E-01
 1.034893E-01
 4.626108E-02
! p functions
   21    0    0
 2.391995E+06
 3.823015E+05
 8.322868E+04
 2.305570E+04
 7.681445E+03
 2.940123E+03
 1.246511E+03
 5.689973E+02
 2.737046E+02
 1.365712E+02
 6.989327E+01
 3.639363E+01
 1.916628E+01
 1.015664E+01
 5.386172E+00
 2.838334E+00
 1.411205E+00
 6.698350E-01
 2.436306E-01
 1.031136E-01
 3.965244E-02
! d functions
   14    0    0
 3.463864E+03
 9.766475E+02
 3.616660E+02
 1.566565E+02
 7.391845E+01
 3.654534E+01
 1.857461E+01
 9.593488E+00
 4.952156E+00
 2.489669E+00
 1.200088E+00
 5.547955E-01
 2.419089E-01
 9.017915E-02
! f functions
    1    0    0
 2.543818E-01

a 52
$ TELLURIUM ( 28s 21p 14d 1f ) -> [ 7s 6p 4d 1f ]
$ S-TYPE FUNCTIONS
   28    0    0
  5.537122E+08
  8.517426E+07
  1.792506E+07
  4.812394E+06
  1.554321E+06
  5.754794E+05
  2.349347E+05
  1.025865E+05
  4.682985E+04
  2.198700E+04
  1.050476E+04
  5.076730E+03
  2.476196E+03
  1.219627E+03
  6.080662E+02
  3.078851E+02
  1.588377E+02
  8.368128E+01
  4.503552E+01
  2.469589E+01
  1.371087E+01
  7.621328E+00
  4.170545E+00
  2.077645E+00
  1.042945E+00
  3.663105E-01
  1.785887E-01
  8.249023E-02
$ P-TYPE FUNCTIONS
   21    0    0
  3.678985E+06
  5.669462E+05
  1.207788E+05
  3.296965E+04
  1.084768E+04
  4.099356E+03
  1.714719E+03
  7.724043E+02
  3.673924E+02
  1.820300E+02
  9.308078E+01
  4.879691E+01
  2.607560E+01
  1.410957E+01
  7.660241E+00
  4.116851E+00
  2.095689E+00
  1.043346E+00
  4.470946E-01
  2.005060E-01
  7.870060E-02
$ D-TYPE FUNCTIONS
   14    0    0
  4.703174E+03
  1.330578E+03
  4.876845E+02
  2.096221E+02
  9.890991E+01
  4.920705E+01
  2.523914E+01
  1.318473E+01
  6.946102E+00
  3.599002E+00
  1.805779E+00
  8.809256E-01
  4.064276E-01
  1.644229E-01
$ F-TYPE FUNCTIONS
    1    0    0
  3.487896E-01

a 53
$ IODINE
$ S-TYPE FUNCTIONS
   28    0    0
  5.994467E+08   
  9.055635E+07   
  1.919947E+07   
  5.255505E+06   
  1.734341E+06   
  6.531015E+05   
  2.688926E+05   
  1.172339E+05   
  5.292129E+04   
  2.438048E+04   
  1.137444E+04   
  5.361031E+03   
  2.556631E+03   
  1.238741E+03   
  6.130568E+02   
  3.115099E+02   
  1.631053E+02   
  8.806397E+01   
  4.885512E+01   
  2.759266E+01   
  1.560933E+01   
  8.629135E+00   
  4.503823E+00   
  2.346097E+00   
  1.179513E+00   
  4.159963E-01   
  2.048764E-01   
  9.550402E-02   
$ P-TYPE FUNCTIONS
   21    0    0
  4.232731E+06   
  6.683170E+05   
  1.434042E+05   
  3.900861E+04   
  1.271633E+04   
  4.751625E+03   
  1.966439E+03   
  8.783574E+02   
  4.155601E+02   
  2.054585E+02   
  1.051346E+02   
  5.526625E+01   
  2.964139E+01   
  1.609432E+01   
  8.755589E+00   
  4.703722E+00   
  2.398238E+00   
  1.202481E+00   
  5.258532E-01   
  2.395947E-01   
  9.337968E-02   
$ D-TYPE FUNCTIONS
   14    0    0
  5.155846E+03   
  1.436061E+03   
  5.251996E+02   
  2.262777E+02   
  1.070533E+02   
  5.336688E+01   
  2.743701E+01   
  1.439100E+01   
  7.628801E+00   
  3.984593E+00   
  2.020789E+00   
  9.988940E-01   
  4.673054E-01   
  1.922218E-01   
$ F-TYPE FUNCTIONS
    1    0    0
  4.062113E-01
