$Basis = ucc-pVQZ-DK3
$
$ Douglas-Kroll correlation consistent polarized Valence Quadruple-zeta Basis Set
$
$ Pa - U :  K.A. Peterson, J. Chem. Phys. 142, 074105 (2015)
$           M. Vasiliu, K.A. Peterson, J.K. Gibson, D.A. Dixon, J. Phys. Chem. A 119, 11422 (2015)
$
a 91
$ PROTACTINIUM  ( 37s 34p 24d 15f 5g 3h 1i ) -> [ 37s 34p 24d 15f 5g 3h 1i ]
$ S-TYPE FUNCTIONS
   37    0    0
  5.761587E+07
  1.533766E+07
  5.247819E+06
  1.996597E+06
  8.339327E+05
  3.697038E+05
  1.729697E+05
  8.424870E+04
  4.253918E+04
  2.211958E+04
  1.182731E+04
  6.502026E+03
  3.686032E+03
  2.157886E+03
  1.296087E+03
  7.873160E+02
  4.787048E+02
  2.963045E+02
  1.875760E+02
  1.201380E+02
  7.306180E+01
  4.765506E+01
  3.055736E+01
  1.910877E+01
  1.192182E+01
  7.319775E+00
  4.479524E+00
  2.692393E+00
  1.654827E+00
  1.027730E+00
  6.027539E-01
  3.604358E-01
  2.186679E-01
  1.289199E-01
  6.269366E-02
  3.139821E-02
  1.563465E-02
$ P-TYPE FUNCTIONS
   34    0    0
  7.947336E+07
  3.016951E+07
  1.153653E+07
  4.600985E+06
  1.901781E+06
  8.109968E+05
  3.553487E+05
  1.597236E+05
  7.355964E+04
  3.469123E+04 
  1.675544E+04
  8.290962E+03
  4.207450E+03
  2.193302E+03
  1.174910E+03
  6.454210E+02
  3.628004E+02
  2.077721E+02
  1.205309E+02
  7.073106E+01
  4.187184E+01
  2.457701E+01
  1.421433E+01
  8.297189E+00
  4.761159E+00
  2.693088E+00
  1.516457E+00
  8.437051E-01
  4.552191E-01
  2.456038E-01
  1.286940E-01
  6.091106E-02
  2.916752E-02
  1.380321E-02
$ D-TYPE FUNCTIONS
   24    0    0
  5.196518E+05
  1.199383E+05
  3.757533E+04
  1.395869E+04
  5.841985E+03
  2.675100E+03
  1.314483E+03
  6.822699E+02
  3.691801E+02
  2.065437E+02
  1.182175E+02
  6.887758E+01
  4.052239E+01
  2.381808E+01
  1.390525E+01
  8.108390E+00
  4.668475E+00
  2.614264E+00
  1.430351E+00
  7.475067E-01
  3.495915E-01
  1.561632E-01
  6.656966E-02
  2.668802E-02
$ F-TYPE FUNCTIONS
   15    0    0
  1.956739E+03
  6.553094E+02
  2.773444E+02
  1.325198E+02
  6.742563E+01
  3.577327E+01
  1.926397E+01
  1.044344E+01
  5.627370E+00
  2.964694E+00
  1.507109E+00
  7.349600E-01
  3.404530E-01
  1.468574E-01
  5.621288E-02
$ G-TYPE FUNCTIONS
    5    0    0
  3.425600E+00
  1.605100E+00
  7.521000E-01
  2.945000E-01
  1.185000E-01
$ H-TYPE FUNCTIONS
    3    0    0
  1.691600E+00
  7.810000E-01
  2.170000E-01
$ I-TYPE FUNCTIONS
    1    0    0
  1.138100E+00
$
a 92
$ URANIUM ( 37s 34p 24d 15f 5g 3h 1i ) -> [ 37s 34p 24d 15f 5g 3h 1i ]
$ S-TYPE FUNCTIONS
   37    0    0
  5.669747E+07
  1.509369E+07
  5.164101E+06
  1.964639E+06
  8.207748E+05
  3.641070E+05
  1.706681E+05
  8.345539E+04
  4.242338E+04
  2.222877E+04
  1.193171E+04
  6.539042E+03
  3.678233E+03
  2.139549E+03
  1.288453E+03
  7.920772E+02
  4.846993E+02
  2.980013E+02
  1.867396E+02
  1.203324E+02
  7.585031E+01
  4.922312E+01
  3.097937E+01
  1.933899E+01
  1.190918E+01
  7.281087E+00
  4.523816E+00
  2.691479E+00
  1.643698E+00
  1.024666E+00
  6.087074E-01
  3.621554E-01
  2.128126E-01
  1.205102E-01
  6.439786E-02
  3.284112E-02
  1.642182E-02
$ P-TYPE FUNCTIONS
   34    0    0
  7.833950E+07
  2.980899E+07
  1.144342E+07
  4.581200E+06
  1.897246E+06
  8.097974E+05
  3.550674E+05
  1.596033E+05
  7.345010E+04
  3.459487E+04
  1.668669E+04
  8.256416E+03
  4.196778E+03
  2.191894E+03
  1.174828E+03
  6.446148E+02
  3.614139E+02
  2.062703E+02
  1.193367E+02
  7.014309E+01
  4.170407E+01
  2.470288E+01
  1.449640E+01
  8.575870E+00
  4.980861E+00
  2.840408E+00
  1.604826E+00
  8.834607E-01
  4.747680E-01
  2.535449E-01
  1.310695E-01
  6.288257E-02
  3.017001E-02
  1.426262E-02
$ D-TYPE FUNCTIONS
   24    0    0
  5.331809E+05
  1.232376E+05
  3.864236E+04
  1.435719E+04
  6.012794E+03
  2.754367E+03
  1.351968E+03
  6.997981E+02
  3.770114E+02
  2.097394E+02
  1.193019E+02
  6.911171E+01
  4.043241E+01
  2.365424E+01
  1.380640E+01
  8.072398E+00
  4.684482E+00
  2.656077E+00
  1.476407E+00
  7.889803E-01
  3.864550E-01
  1.820399E-01
  8.260152E-02
  3.569005E-02
$ F-TYPE FUNCTIONS
   15    0    0
  2.019267E+03
  6.754767E+02
  2.857116E+02
  1.364733E+02
  6.943428E+01
  3.684466E+01
  1.984805E+01
  1.078153E+01
  5.837710E+00
  3.103433E+00
  1.605261E+00
  8.004529E-01
  3.808543E-01
  1.696217E-01
  6.742203E-02
$ G-TYPE FUNCTIONS
    5    0    0
  3.893400E+00
  1.782800E+00
  8.164000E-01
  3.196000E-01
  1.300000E-01
$ H-TYPE FUNCTIONS
    3    0    0
  1.976000E+00
  8.625000E-01
  2.253000E-01
$ I-TYPE FUNCTIONS
    1    0    0
  1.239500E+00
